ECs,Pathways
ec:1.1.1.1,path:map00010
ec:1.1.1.1,path:ec00010
ec:1.1.1.2,path:map00010
ec:1.1.1.2,path:ec00010
ec:1.1.1.27,path:map00010
ec:1.1.1.27,path:ec00010
ec:1.1.2.7,path:map00010
ec:1.1.2.7,path:ec00010
ec:1.1.2.8,path:map00010
ec:1.1.2.8,path:ec00010
ec:1.1.5.5,path:map00010
ec:1.1.5.5,path:ec00010
ec:1.2.1.12,path:map00010
ec:1.2.1.12,path:ec00010
ec:1.2.1.3,path:map00010
ec:1.2.1.3,path:ec00010
ec:1.2.1.5,path:map00010
ec:1.2.1.5,path:ec00010
ec:1.2.1.59,path:map00010
ec:1.2.1.59,path:ec00010
ec:1.2.1.9,path:map00010
ec:1.2.1.9,path:ec00010
ec:1.2.1.90,path:map00010
ec:1.2.1.90,path:ec00010
ec:1.2.4.1,path:map00010
ec:1.2.4.1,path:ec00010
ec:1.2.7.1,path:map00010
ec:1.2.7.1,path:ec00010
ec:1.2.7.11,path:map00010
ec:1.2.7.11,path:ec00010
ec:1.2.7.6,path:map00010
ec:1.2.7.6,path:ec00010
ec:1.8.1.4,path:map00010
ec:1.8.1.4,path:ec00010
ec:2.3.1.12,path:map00010
ec:2.3.1.12,path:ec00010
ec:2.7.1.1,path:map00010
ec:2.7.1.1,path:ec00010
ec:2.7.1.11,path:map00010
ec:2.7.1.11,path:ec00010
ec:2.7.1.146,path:map00010
ec:2.7.1.146,path:ec00010
ec:2.7.1.147,path:map00010
ec:2.7.1.147,path:ec00010
ec:2.7.1.199,path:map00010
ec:2.7.1.199,path:ec00010
ec:2.7.1.2,path:map00010
ec:2.7.1.2,path:ec00010
ec:2.7.1.40,path:map00010
ec:2.7.1.40,path:ec00010
ec:2.7.1.63,path:map00010
ec:2.7.1.63,path:ec00010
ec:2.7.1.90,path:map00010
ec:2.7.1.90,path:ec00010
ec:2.7.2.3,path:map00010
ec:2.7.2.3,path:ec00010
ec:3.1.3.10,path:map00010
ec:3.1.3.10,path:ec00010
ec:3.1.3.11,path:map00010
ec:3.1.3.11,path:ec00010
ec:3.1.3.80,path:map00010
ec:3.1.3.80,path:ec00010
ec:3.1.3.9,path:map00010
ec:3.1.3.9,path:ec00010
ec:3.2.1.86,path:map00010
ec:3.2.1.86,path:ec00010
ec:4.1.1.1,path:map00010
ec:4.1.1.1,path:ec00010
ec:4.1.1.32,path:map00010
ec:4.1.1.32,path:ec00010
ec:4.1.1.49,path:map00010
ec:4.1.1.49,path:ec00010
ec:4.1.2.13,path:map00010
ec:4.1.2.13,path:ec00010
ec:4.2.1.11,path:map00010
ec:4.2.1.11,path:ec00010
ec:5.1.3.15,path:map00010
ec:5.1.3.15,path:ec00010
ec:5.1.3.3,path:map00010
ec:5.1.3.3,path:ec00010
ec:5.3.1.1,path:map00010
ec:5.3.1.1,path:ec00010
ec:5.3.1.9,path:map00010
ec:5.3.1.9,path:ec00010
ec:5.4.2.11,path:map00010
ec:5.4.2.11,path:ec00010
ec:5.4.2.12,path:map00010
ec:5.4.2.12,path:ec00010
ec:5.4.2.2,path:map00010
ec:5.4.2.2,path:ec00010
ec:5.4.2.4,path:map00010
ec:5.4.2.4,path:ec00010
ec:6.2.1.1,path:map00010
ec:6.2.1.1,path:ec00010
ec:6.2.1.13,path:map00010
ec:6.2.1.13,path:ec00010
ec:1.1.1.286,path:map00020
ec:1.1.1.286,path:ec00020
ec:1.1.1.37,path:map00020
ec:1.1.1.37,path:ec00020
ec:1.1.1.41,path:map00020
ec:1.1.1.41,path:ec00020
ec:1.1.1.42,path:map00020
ec:1.1.1.42,path:ec00020
ec:1.1.5.4,path:map00020
ec:1.1.5.4,path:ec00020
ec:1.2.4.1,path:map00020
ec:1.2.4.1,path:ec00020
ec:1.2.4.2,path:map00020
ec:1.2.4.2,path:ec00020
ec:1.2.7.1,path:map00020
ec:1.2.7.1,path:ec00020
ec:1.2.7.11,path:map00020
ec:1.2.7.11,path:ec00020
ec:1.2.7.3,path:map00020
ec:1.2.7.3,path:ec00020
ec:1.3.5.1,path:map00020
ec:1.3.5.1,path:ec00020
ec:1.3.5.4,path:map00020
ec:1.3.5.4,path:ec00020
ec:1.8.1.4,path:map00020
ec:1.8.1.4,path:ec00020
ec:2.3.1.12,path:map00020
ec:2.3.1.12,path:ec00020
ec:2.3.1.61,path:map00020
ec:2.3.1.61,path:ec00020
ec:2.3.3.1,path:map00020
ec:2.3.3.1,path:ec00020
ec:2.3.3.8,path:map00020
ec:2.3.3.8,path:ec00020
ec:2.8.3.18,path:map00020
ec:2.8.3.18,path:ec00020
ec:4.1.1.32,path:map00020
ec:4.1.1.32,path:ec00020
ec:4.1.1.49,path:map00020
ec:4.1.1.49,path:ec00020
ec:4.2.1.2,path:map00020
ec:4.2.1.2,path:ec00020
ec:4.2.1.3,path:map00020
ec:4.2.1.3,path:ec00020
ec:6.2.1.4,path:map00020
ec:6.2.1.4,path:ec00020
ec:6.2.1.5,path:map00020
ec:6.2.1.5,path:ec00020
ec:6.4.1.1,path:map00020
ec:6.4.1.1,path:ec00020
ec:1.1.1.215,path:map00030
ec:1.1.1.215,path:ec00030
ec:1.1.1.343,path:map00030
ec:1.1.1.343,path:ec00030
ec:1.1.1.359,path:map00030
ec:1.1.1.359,path:ec00030
ec:1.1.1.360,path:map00030
ec:1.1.1.360,path:ec00030
ec:1.1.1.363,path:map00030
ec:1.1.1.363,path:ec00030
ec:1.1.1.388,path:map00030
ec:1.1.1.388,path:ec00030
ec:1.1.1.43,path:map00030
ec:1.1.1.43,path:ec00030
ec:1.1.1.44,path:map00030
ec:1.1.1.44,path:ec00030
ec:1.1.1.47,path:map00030
ec:1.1.1.47,path:ec00030
ec:1.1.1.49,path:map00030
ec:1.1.1.49,path:ec00030
ec:1.1.3.4,path:map00030
ec:1.1.3.4,path:ec00030
ec:1.1.3.5,path:map00030
ec:1.1.3.5,path:ec00030
ec:1.1.5.2,path:map00030
ec:1.1.5.2,path:ec00030
ec:1.1.5.9,path:map00030
ec:1.1.5.9,path:ec00030
ec:1.1.99.3,path:map00030
ec:1.1.99.3,path:ec00030
ec:1.2.1.89,path:map00030
ec:1.2.1.89,path:ec00030
ec:1.2.1.9,path:map00030
ec:1.2.1.9,path:ec00030
ec:1.2.1.90,path:map00030
ec:1.2.1.90,path:ec00030
ec:1.2.7.5,path:map00030
ec:1.2.7.5,path:ec00030
ec:1.2.99.8,path:map00030
ec:1.2.99.8,path:ec00030
ec:2.2.1.1,path:map00030
ec:2.2.1.1,path:ec00030
ec:2.2.1.2,path:map00030
ec:2.2.1.2,path:ec00030
ec:2.7.1.11,path:map00030
ec:2.7.1.11,path:ec00030
ec:2.7.1.12,path:map00030
ec:2.7.1.12,path:ec00030
ec:2.7.1.13,path:map00030
ec:2.7.1.13,path:ec00030
ec:2.7.1.146,path:map00030
ec:2.7.1.146,path:ec00030
ec:2.7.1.15,path:map00030
ec:2.7.1.15,path:ec00030
ec:2.7.1.165,path:map00030
ec:2.7.1.165,path:ec00030
ec:2.7.1.178,path:map00030
ec:2.7.1.178,path:ec00030
ec:2.7.1.203,path:map00030
ec:2.7.1.203,path:ec00030
ec:2.7.1.45,path:map00030
ec:2.7.1.45,path:ec00030
ec:2.7.1.90,path:map00030
ec:2.7.1.90,path:ec00030
ec:2.7.4.23,path:map00030
ec:2.7.4.23,path:ec00030
ec:2.7.6.1,path:map00030
ec:2.7.6.1,path:ec00030
ec:3.1.1.17,path:map00030
ec:3.1.1.17,path:ec00030
ec:3.1.1.31,path:map00030
ec:3.1.1.31,path:ec00030
ec:3.1.3.11,path:map00030
ec:3.1.3.11,path:ec00030
ec:4.1.2.13,path:map00030
ec:4.1.2.13,path:ec00030
ec:4.1.2.14,path:map00030
ec:4.1.2.14,path:ec00030
ec:4.1.2.4,path:map00030
ec:4.1.2.4,path:ec00030
ec:4.1.2.43,path:map00030
ec:4.1.2.43,path:ec00030
ec:4.1.2.51,path:map00030
ec:4.1.2.51,path:ec00030
ec:4.1.2.55,path:map00030
ec:4.1.2.55,path:ec00030
ec:4.1.2.9,path:map00030
ec:4.1.2.9,path:ec00030
ec:4.2.1.12,path:map00030
ec:4.2.1.12,path:ec00030
ec:4.2.1.140,path:map00030
ec:4.2.1.140,path:ec00030
ec:4.2.1.39,path:map00030
ec:4.2.1.39,path:ec00030
ec:4.3.1.29,path:map00030
ec:4.3.1.29,path:ec00030
ec:4.3.1.9,path:map00030
ec:4.3.1.9,path:ec00030
ec:5.1.3.1,path:map00030
ec:5.1.3.1,path:ec00030
ec:5.3.1.27,path:map00030
ec:5.3.1.27,path:ec00030
ec:5.3.1.6,path:map00030
ec:5.3.1.6,path:ec00030
ec:5.3.1.9,path:map00030
ec:5.3.1.9,path:ec00030
ec:5.4.2.2,path:map00030
ec:5.4.2.2,path:ec00030
ec:5.4.2.7,path:map00030
ec:5.4.2.7,path:ec00030
ec:1.1.1.10,path:map00040
ec:1.1.1.10,path:ec00040
ec:1.1.1.11,path:map00040
ec:1.1.1.11,path:ec00040
ec:1.1.1.12,path:map00040
ec:1.1.1.12,path:ec00040
ec:1.1.1.127,path:map00040
ec:1.1.1.127,path:ec00040
ec:1.1.1.13,path:map00040
ec:1.1.1.13,path:ec00040
ec:1.1.1.130,path:map00040
ec:1.1.1.130,path:ec00040
ec:1.1.1.137,path:map00040
ec:1.1.1.137,path:ec00040
ec:1.1.1.14,path:map00040
ec:1.1.1.14,path:ec00040
ec:1.1.1.15,path:map00040
ec:1.1.1.15,path:ec00040
ec:1.1.1.175,path:map00040
ec:1.1.1.175,path:ec00040
ec:1.1.1.179,path:map00040
ec:1.1.1.179,path:ec00040
ec:1.1.1.19,path:map00040
ec:1.1.1.19,path:ec00040
ec:1.1.1.2,path:map00040
ec:1.1.1.2,path:ec00040
ec:1.1.1.21,path:map00040
ec:1.1.1.21,path:ec00040
ec:1.1.1.22,path:map00040
ec:1.1.1.22,path:ec00040
ec:1.1.1.250,path:map00040
ec:1.1.1.250,path:ec00040
ec:1.1.1.287,path:map00040
ec:1.1.1.287,path:ec00040
ec:1.1.1.307,path:map00040
ec:1.1.1.307,path:ec00040
ec:1.1.1.365,path:map00040
ec:1.1.1.365,path:ec00040
ec:1.1.1.372,path:map00040
ec:1.1.1.372,path:ec00040
ec:1.1.1.380,path:map00040
ec:1.1.1.380,path:ec00040
ec:1.1.1.405,path:map00040
ec:1.1.1.405,path:ec00040
ec:1.1.1.45,path:map00040
ec:1.1.1.45,path:ec00040
ec:1.1.1.56,path:map00040
ec:1.1.1.56,path:ec00040
ec:1.1.1.57,path:map00040
ec:1.1.1.57,path:ec00040
ec:1.1.1.58,path:map00040
ec:1.1.1.58,path:ec00040
ec:1.1.1.9,path:map00040
ec:1.1.1.9,path:ec00040
ec:1.1.2.2,path:map00040
ec:1.1.2.2,path:ec00040
ec:1.1.3.41,path:map00040
ec:1.1.3.41,path:ec00040
ec:1.2.1.26,path:map00040
ec:1.2.1.26,path:ec00040
ec:2.4.1.17,path:map00040
ec:2.4.1.17,path:ec00040
ec:2.7.1.16,path:map00040
ec:2.7.1.16,path:ec00040
ec:2.7.1.17,path:map00040
ec:2.7.1.17,path:ec00040
ec:2.7.1.43,path:map00040
ec:2.7.1.43,path:ec00040
ec:2.7.1.47,path:map00040
ec:2.7.1.47,path:ec00040
ec:2.7.1.5,path:map00040
ec:2.7.1.5,path:ec00040
ec:2.7.1.53,path:map00040
ec:2.7.1.53,path:ec00040
ec:2.7.7.40,path:map00040
ec:2.7.7.40,path:ec00040
ec:2.7.7.44,path:map00040
ec:2.7.7.44,path:ec00040
ec:2.7.7.64,path:map00040
ec:2.7.7.64,path:ec00040
ec:2.7.7.9,path:map00040
ec:2.7.7.9,path:ec00040
ec:3.1.1.11,path:map00040
ec:3.1.1.11,path:ec00040
ec:3.2.1.15,path:map00040
ec:3.2.1.15,path:ec00040
ec:3.2.1.31,path:map00040
ec:3.2.1.31,path:ec00040
ec:3.2.1.67,path:map00040
ec:3.2.1.67,path:ec00040
ec:4.1.1.34,path:map00040
ec:4.1.1.34,path:ec00040
ec:4.1.1.85,path:map00040
ec:4.1.1.85,path:ec00040
ec:4.1.2.19,path:map00040
ec:4.1.2.19,path:ec00040
ec:4.1.2.28,path:map00040
ec:4.1.2.28,path:ec00040
ec:4.1.2.54,path:map00040
ec:4.1.2.54,path:ec00040
ec:4.2.1.141,path:map00040
ec:4.2.1.141,path:ec00040
ec:4.2.1.146,path:map00040
ec:4.2.1.146,path:ec00040
ec:4.2.1.7,path:map00040
ec:4.2.1.7,path:ec00040
ec:4.2.1.8,path:map00040
ec:4.2.1.8,path:ec00040
ec:4.2.1.82,path:map00040
ec:4.2.1.82,path:ec00040
ec:4.2.2.2,path:map00040
ec:4.2.2.2,path:ec00040
ec:4.2.2.6,path:map00040
ec:4.2.2.6,path:ec00040
ec:4.2.2.9,path:map00040
ec:4.2.2.9,path:ec00040
ec:5.1.2.7,path:map00040
ec:5.1.2.7,path:ec00040
ec:5.1.3.1,path:map00040
ec:5.1.3.1,path:ec00040
ec:5.1.3.22,path:map00040
ec:5.1.3.22,path:ec00040
ec:5.1.3.4,path:map00040
ec:5.1.3.4,path:ec00040
ec:5.3.1.12,path:map00040
ec:5.3.1.12,path:ec00040
ec:5.3.1.15,path:map00040
ec:5.3.1.15,path:ec00040
ec:5.3.1.17,path:map00040
ec:5.3.1.17,path:ec00040
ec:5.3.1.4,path:map00040
ec:5.3.1.4,path:ec00040
ec:5.3.1.5,path:map00040
ec:5.3.1.5,path:ec00040
ec:1.1.1.11,path:map00051
ec:1.1.1.11,path:ec00051
ec:1.1.1.122,path:map00051
ec:1.1.1.122,path:ec00051
ec:1.1.1.132,path:map00051
ec:1.1.1.132,path:ec00051
ec:1.1.1.135,path:map00051
ec:1.1.1.135,path:ec00051
ec:1.1.1.138,path:map00051
ec:1.1.1.138,path:ec00051
ec:1.1.1.14,path:map00051
ec:1.1.1.14,path:ec00051
ec:1.1.1.140,path:map00051
ec:1.1.1.140,path:ec00051
ec:1.1.1.15,path:map00051
ec:1.1.1.15,path:ec00051
ec:1.1.1.17,path:map00051
ec:1.1.1.17,path:ec00051
ec:1.1.1.173,path:map00051
ec:1.1.1.173,path:ec00051
ec:1.1.1.187,path:map00051
ec:1.1.1.187,path:ec00051
ec:1.1.1.21,path:map00051
ec:1.1.1.21,path:ec00051
ec:1.1.1.271,path:map00051
ec:1.1.1.271,path:ec00051
ec:1.1.1.281,path:map00051
ec:1.1.1.281,path:ec00051
ec:1.1.1.289,path:map00051
ec:1.1.1.289,path:ec00051
ec:1.1.1.377,path:map00051
ec:1.1.1.377,path:ec00051
ec:1.1.1.378,path:map00051
ec:1.1.1.378,path:ec00051
ec:1.1.1.401,path:map00051
ec:1.1.1.401,path:ec00051
ec:1.1.1.67,path:map00051
ec:1.1.1.67,path:ec00051
ec:1.1.2.2,path:map00051
ec:1.1.2.2,path:ec00051
ec:1.1.3.41,path:map00051
ec:1.1.3.41,path:ec00051
ec:1.1.99.21,path:map00051
ec:1.1.99.21,path:ec00051
ec:2.4.1.217,path:map00051
ec:2.4.1.217,path:ec00051
ec:2.4.1.269,path:map00051
ec:2.4.1.269,path:ec00051
ec:2.4.1.33,path:map00051
ec:2.4.1.33,path:ec00051
ec:2.7.1.1,path:map00051
ec:2.7.1.1,path:ec00051
ec:2.7.1.105,path:map00051
ec:2.7.1.105,path:ec00051
ec:2.7.1.11,path:map00051
ec:2.7.1.11,path:ec00051
ec:2.7.1.191,path:map00051
ec:2.7.1.191,path:ec00051
ec:2.7.1.197,path:map00051
ec:2.7.1.197,path:ec00051
ec:2.7.1.198,path:map00051
ec:2.7.1.198,path:ec00051
ec:2.7.1.202,path:map00051
ec:2.7.1.202,path:ec00051
ec:2.7.1.206,path:map00051
ec:2.7.1.206,path:ec00051
ec:2.7.1.28,path:map00051
ec:2.7.1.28,path:ec00051
ec:2.7.1.3,path:map00051
ec:2.7.1.3,path:ec00051
ec:2.7.1.4,path:map00051
ec:2.7.1.4,path:ec00051
ec:2.7.1.5,path:map00051
ec:2.7.1.5,path:ec00051
ec:2.7.1.51,path:map00051
ec:2.7.1.51,path:ec00051
ec:2.7.1.52,path:map00051
ec:2.7.1.52,path:ec00051
ec:2.7.1.55,path:map00051
ec:2.7.1.55,path:ec00051
ec:2.7.1.56,path:map00051
ec:2.7.1.56,path:ec00051
ec:2.7.1.7,path:map00051
ec:2.7.1.7,path:ec00051
ec:2.7.1.90,path:map00051
ec:2.7.1.90,path:ec00051
ec:2.7.7.13,path:map00051
ec:2.7.7.13,path:ec00051
ec:2.7.7.22,path:map00051
ec:2.7.7.22,path:ec00051
ec:2.7.7.30,path:map00051
ec:2.7.7.30,path:ec00051
ec:3.1.1.65,path:map00051
ec:3.1.1.65,path:ec00051
ec:3.1.3.11,path:map00051
ec:3.1.3.11,path:ec00051
ec:3.1.3.22,path:map00051
ec:3.1.3.22,path:ec00051
ec:3.1.3.46,path:map00051
ec:3.1.3.46,path:ec00051
ec:3.1.3.54,path:map00051
ec:3.1.3.54,path:ec00051
ec:3.1.3.70,path:map00051
ec:3.1.3.70,path:ec00051
ec:3.2.1.137,path:map00051
ec:3.2.1.137,path:ec00051
ec:3.2.1.77,path:map00051
ec:3.2.1.77,path:ec00051
ec:3.2.1.78,path:map00051
ec:3.2.1.78,path:ec00051
ec:3.2.1.80,path:map00051
ec:3.2.1.80,path:ec00051
ec:3.6.1.21,path:map00051
ec:3.6.1.21,path:ec00051
ec:4.1.2.13,path:map00051
ec:4.1.2.13,path:ec00051
ec:4.1.2.17,path:map00051
ec:4.1.2.17,path:ec00051
ec:4.1.2.19,path:map00051
ec:4.1.2.19,path:ec00051
ec:4.1.2.53,path:map00051
ec:4.1.2.53,path:ec00051
ec:4.2.1.47,path:map00051
ec:4.2.1.47,path:ec00051
ec:4.2.1.68,path:map00051
ec:4.2.1.68,path:ec00051
ec:4.2.1.90,path:map00051
ec:4.2.1.90,path:ec00051
ec:4.2.2.11,path:map00051
ec:4.2.2.11,path:ec00051
ec:4.2.2.3,path:map00051
ec:4.2.2.3,path:ec00051
ec:5.1.3.37,path:map00051
ec:5.1.3.37,path:ec00051
ec:5.3.1.1,path:map00051
ec:5.3.1.1,path:ec00051
ec:5.3.1.14,path:map00051
ec:5.3.1.14,path:ec00051
ec:5.3.1.25,path:map00051
ec:5.3.1.25,path:ec00051
ec:5.3.1.5,path:map00051
ec:5.3.1.5,path:ec00051
ec:5.3.1.6,path:map00051
ec:5.3.1.6,path:ec00051
ec:5.3.1.7,path:map00051
ec:5.3.1.7,path:ec00051
ec:5.3.1.8,path:map00051
ec:5.3.1.8,path:ec00051
ec:5.4.2.8,path:map00051
ec:5.4.2.8,path:ec00051
ec:1.1.1.120,path:map00052
ec:1.1.1.120,path:ec00052
ec:1.1.1.16,path:map00052
ec:1.1.1.16,path:ec00052
ec:1.1.1.21,path:map00052
ec:1.1.1.21,path:ec00052
ec:1.1.1.251,path:map00052
ec:1.1.1.251,path:ec00052
ec:1.1.1.359,path:map00052
ec:1.1.1.359,path:ec00052
ec:1.1.1.360,path:map00052
ec:1.1.1.360,path:ec00052
ec:1.1.1.48,path:map00052
ec:1.1.1.48,path:ec00052
ec:1.1.3.9,path:map00052
ec:1.1.3.9,path:ec00052
ec:2.4.1.123,path:map00052
ec:2.4.1.123,path:ec00052
ec:2.4.1.22,path:map00052
ec:2.4.1.22,path:ec00052
ec:2.4.1.67,path:map00052
ec:2.4.1.67,path:ec00052
ec:2.4.1.82,path:map00052
ec:2.4.1.82,path:ec00052
ec:2.7.1.1,path:map00052
ec:2.7.1.1,path:ec00052
ec:2.7.1.101,path:map00052
ec:2.7.1.101,path:ec00052
ec:2.7.1.11,path:map00052
ec:2.7.1.11,path:ec00052
ec:2.7.1.144,path:map00052
ec:2.7.1.144,path:ec00052
ec:2.7.1.178,path:map00052
ec:2.7.1.178,path:ec00052
ec:2.7.1.2,path:map00052
ec:2.7.1.2,path:ec00052
ec:2.7.1.200,path:map00052
ec:2.7.1.200,path:ec00052
ec:2.7.1.207,path:map00052
ec:2.7.1.207,path:ec00052
ec:2.7.1.58,path:map00052
ec:2.7.1.58,path:ec00052
ec:2.7.1.6,path:map00052
ec:2.7.1.6,path:ec00052
ec:2.7.7.10,path:map00052
ec:2.7.7.10,path:ec00052
ec:2.7.7.12,path:map00052
ec:2.7.7.12,path:ec00052
ec:2.7.7.64,path:map00052
ec:2.7.7.64,path:ec00052
ec:2.7.7.9,path:map00052
ec:2.7.7.9,path:ec00052
ec:3.1.1.25,path:map00052
ec:3.1.1.25,path:ec00052
ec:3.1.3.9,path:map00052
ec:3.1.3.9,path:ec00052
ec:3.2.1.10,path:map00052
ec:3.2.1.10,path:ec00052
ec:3.2.1.108,path:map00052
ec:3.2.1.108,path:ec00052
ec:3.2.1.20,path:map00052
ec:3.2.1.20,path:ec00052
ec:3.2.1.22,path:map00052
ec:3.2.1.22,path:ec00052
ec:3.2.1.23,path:map00052
ec:3.2.1.23,path:ec00052
ec:3.2.1.26,path:map00052
ec:3.2.1.26,path:ec00052
ec:3.2.1.85,path:map00052
ec:3.2.1.85,path:ec00052
ec:3.5.1.25,path:map00052
ec:3.5.1.25,path:ec00052
ec:4.1.2.21,path:map00052
ec:4.1.2.21,path:ec00052
ec:4.1.2.40,path:map00052
ec:4.1.2.40,path:ec00052
ec:4.1.2.51,path:map00052
ec:4.1.2.51,path:ec00052
ec:4.1.2.55,path:map00052
ec:4.1.2.55,path:ec00052
ec:4.2.1.140,path:map00052
ec:4.2.1.140,path:ec00052
ec:4.2.1.6,path:map00052
ec:4.2.1.6,path:ec00052
ec:5.1.3.2,path:map00052
ec:5.1.3.2,path:ec00052
ec:5.1.3.3,path:map00052
ec:5.1.3.3,path:ec00052
ec:5.1.3.40,path:map00052
ec:5.1.3.40,path:ec00052
ec:5.3.1.26,path:map00052
ec:5.3.1.26,path:ec00052
ec:5.4.2.2,path:map00052
ec:5.4.2.2,path:ec00052
ec:5.4.99.9,path:map00052
ec:5.4.99.9,path:ec00052
ec:1.1.1.122,path:map00053
ec:1.1.1.122,path:ec00053
ec:1.1.1.129,path:map00053
ec:1.1.1.129,path:ec00053
ec:1.1.1.130,path:map00053
ec:1.1.1.130,path:ec00053
ec:1.1.1.19,path:map00053
ec:1.1.1.19,path:ec00053
ec:1.1.1.20,path:map00053
ec:1.1.1.20,path:ec00053
ec:1.1.1.203,path:map00053
ec:1.1.1.203,path:ec00053
ec:1.1.1.22,path:map00053
ec:1.1.1.22,path:ec00053
ec:1.1.1.316,path:map00053
ec:1.1.1.316,path:ec00053
ec:1.1.1.365,path:map00053
ec:1.1.1.365,path:ec00053
ec:1.1.1.376,path:map00053
ec:1.1.1.376,path:ec00053
ec:1.1.1.46,path:map00053
ec:1.1.1.46,path:ec00053
ec:1.1.3.8,path:map00053
ec:1.1.3.8,path:ec00053
ec:1.10.3.3,path:map00053
ec:1.10.3.3,path:ec00053
ec:1.11.1.11,path:map00053
ec:1.11.1.11,path:ec00053
ec:1.13.99.1,path:map00053
ec:1.13.99.1,path:ec00053
ec:1.2.1.26,path:map00053
ec:1.2.1.26,path:ec00053
ec:1.2.1.3,path:map00053
ec:1.2.1.3,path:ec00053
ec:1.3.2.3,path:map00053
ec:1.3.2.3,path:ec00053
ec:1.3.3.12,path:map00053
ec:1.3.3.12,path:ec00053
ec:1.6.5.4,path:map00053
ec:1.6.5.4,path:ec00053
ec:1.8.5.1,path:map00053
ec:1.8.5.1,path:ec00053
ec:2.4.1.17,path:map00053
ec:2.4.1.17,path:ec00053
ec:2.7.1.194,path:map00053
ec:2.7.1.194,path:ec00053
ec:2.7.1.43,path:map00053
ec:2.7.1.43,path:ec00053
ec:2.7.1.53,path:map00053
ec:2.7.1.53,path:ec00053
ec:2.7.7.44,path:map00053
ec:2.7.7.44,path:ec00053
ec:2.7.7.64,path:map00053
ec:2.7.7.64,path:ec00053
ec:2.7.7.69,path:map00053
ec:2.7.7.69,path:ec00053
ec:3.1.1.15,path:map00053
ec:3.1.1.15,path:ec00053
ec:3.1.1.17,path:map00053
ec:3.1.1.17,path:ec00053
ec:3.1.1.19,path:map00053
ec:3.1.1.19,path:ec00053
ec:3.1.1.25,path:map00053
ec:3.1.1.25,path:ec00053
ec:3.1.3.93,path:map00053
ec:3.1.3.93,path:ec00053
ec:4.1.1.85,path:map00053
ec:4.1.1.85,path:ec00053
ec:4.1.2.18,path:map00053
ec:4.1.2.18,path:ec00053
ec:4.1.2.20,path:map00053
ec:4.1.2.20,path:ec00053
ec:4.2.1.25,path:map00053
ec:4.2.1.25,path:ec00053
ec:4.2.1.40,path:map00053
ec:4.2.1.40,path:ec00053
ec:4.2.1.41,path:map00053
ec:4.2.1.41,path:ec00053
ec:4.2.1.42,path:map00053
ec:4.2.1.42,path:ec00053
ec:4.2.1.43,path:map00053
ec:4.2.1.43,path:ec00053
ec:5.1.3.18,path:map00053
ec:5.1.3.18,path:ec00053
ec:5.1.3.22,path:map00053
ec:5.1.3.22,path:ec00053
ec:5.1.3.4,path:map00053
ec:5.1.3.4,path:ec00053
ec:5.4.1.4,path:map00053
ec:5.4.1.4,path:ec00053
ec:5.5.1.27,path:map00053
ec:5.5.1.27,path:ec00053
ec:1.1.1.100,path:map00061
ec:1.1.1.100,path:ec00061
ec:1.14.19.2,path:map00061
ec:1.14.19.2,path:ec00061
ec:1.3.1.10,path:map00061
ec:1.3.1.10,path:ec00061
ec:1.3.1.104,path:map00061
ec:1.3.1.104,path:ec00061
ec:1.3.1.9,path:map00061
ec:1.3.1.9,path:ec00061
ec:2.3.1.179,path:map00061
ec:2.3.1.179,path:ec00061
ec:2.3.1.180,path:map00061
ec:2.3.1.180,path:ec00061
ec:2.3.1.39,path:map00061
ec:2.3.1.39,path:ec00061
ec:2.3.1.41,path:map00061
ec:2.3.1.41,path:ec00061
ec:2.3.1.85,path:map00061
ec:2.3.1.85,path:ec00061
ec:2.3.1.86,path:map00061
ec:2.3.1.86,path:ec00061
ec:3.1.2.14,path:map00061
ec:3.1.2.14,path:ec00061
ec:3.1.2.21,path:map00061
ec:3.1.2.21,path:ec00061
ec:4.2.1.59,path:map00061
ec:4.2.1.59,path:ec00061
ec:5.3.3.14,path:map00061
ec:5.3.3.14,path:ec00061
ec:6.2.1.3,path:map00061
ec:6.2.1.3,path:ec00061
ec:6.4.1.2,path:map00061
ec:6.4.1.2,path:ec00061
ec:1.1.1.211,path:map00062
ec:1.1.1.211,path:ec00062
ec:1.1.1.330,path:map00062
ec:1.1.1.330,path:ec00062
ec:1.1.1.35,path:map00062
ec:1.1.1.35,path:ec00062
ec:1.3.1.38,path:map00062
ec:1.3.1.38,path:ec00062
ec:1.3.1.8,path:map00062
ec:1.3.1.8,path:ec00062
ec:1.3.1.93,path:map00062
ec:1.3.1.93,path:ec00062
ec:2.3.1.16,path:map00062
ec:2.3.1.16,path:ec00062
ec:2.3.1.199,path:map00062
ec:2.3.1.199,path:ec00062
ec:3.1.2.2,path:map00062
ec:3.1.2.2,path:ec00062
ec:3.1.2.22,path:map00062
ec:3.1.2.22,path:ec00062
ec:4.2.1.134,path:map00062
ec:4.2.1.134,path:ec00062
ec:4.2.1.17,path:map00062
ec:4.2.1.17,path:ec00062
ec:4.2.1.74,path:map00062
ec:4.2.1.74,path:ec00062
ec:1.1.1.1,path:map00071
ec:1.1.1.1,path:ec00071
ec:1.1.1.192,path:map00071
ec:1.1.1.192,path:ec00071
ec:1.1.1.211,path:map00071
ec:1.1.1.211,path:ec00071
ec:1.1.1.35,path:map00071
ec:1.1.1.35,path:ec00071
ec:1.1.99.20,path:map00071
ec:1.1.99.20,path:ec00071
ec:1.14.14.1,path:map00071
ec:1.14.14.1,path:ec00071
ec:1.14.15.3,path:map00071
ec:1.14.15.3,path:ec00071
ec:1.18.1.1,path:map00071
ec:1.18.1.1,path:ec00071
ec:1.18.1.3,path:map00071
ec:1.18.1.3,path:ec00071
ec:1.18.1.4,path:map00071
ec:1.18.1.4,path:ec00071
ec:1.2.1.3,path:map00071
ec:1.2.1.3,path:ec00071
ec:1.2.1.48,path:map00071
ec:1.2.1.48,path:ec00071
ec:1.2.5.2,path:map00071
ec:1.2.5.2,path:ec00071
ec:1.3.3.6,path:map00071
ec:1.3.3.6,path:ec00071
ec:1.3.8.1,path:map00071
ec:1.3.8.1,path:ec00071
ec:1.3.8.6,path:map00071
ec:1.3.8.6,path:ec00071
ec:1.3.8.7,path:map00071
ec:1.3.8.7,path:ec00071
ec:1.3.8.8,path:map00071
ec:1.3.8.8,path:ec00071
ec:1.3.8.9,path:map00071
ec:1.3.8.9,path:ec00071
ec:2.3.1.16,path:map00071
ec:2.3.1.16,path:ec00071
ec:2.3.1.21,path:map00071
ec:2.3.1.21,path:ec00071
ec:2.3.1.9,path:map00071
ec:2.3.1.9,path:ec00071
ec:4.2.1.17,path:map00071
ec:4.2.1.17,path:ec00071
ec:4.2.1.74,path:map00071
ec:4.2.1.74,path:ec00071
ec:5.1.2.3,path:map00071
ec:5.1.2.3,path:ec00071
ec:5.3.3.8,path:map00071
ec:5.3.3.8,path:ec00071
ec:6.2.1.20,path:map00071
ec:6.2.1.20,path:ec00071
ec:6.2.1.3,path:map00071
ec:6.2.1.3,path:ec00071
ec:6.2.1.6,path:map00071
ec:6.2.1.6,path:ec00071
ec:1.1.1.30,path:map00072
ec:1.1.1.30,path:ec00072
ec:2.3.1.9,path:map00072
ec:2.3.1.9,path:ec00072
ec:2.3.3.10,path:map00072
ec:2.3.3.10,path:ec00072
ec:2.8.3.5,path:map00072
ec:2.8.3.5,path:ec00072
ec:4.1.1.4,path:map00072
ec:4.1.1.4,path:ec00072
ec:4.1.3.4,path:map00072
ec:4.1.3.4,path:ec00072
ec:1.11.2.3,path:map00073
ec:1.11.2.3,path:ec00073
ec:1.2.1.50,path:map00073
ec:1.2.1.50,path:ec00073
ec:1.2.1.84,path:map00073
ec:1.2.1.84,path:ec00073
ec:2.3.1.188,path:map00073
ec:2.3.1.188,path:ec00073
ec:2.3.1.20,path:map00073
ec:2.3.1.20,path:ec00073
ec:2.3.1.75,path:map00073
ec:2.3.1.75,path:ec00073
ec:3.1.1.50,path:map00073
ec:3.1.1.50,path:ec00073
ec:4.1.99.5,path:map00073
ec:4.1.99.5,path:ec00073
ec:1.1.1.170,path:map00100
ec:1.1.1.170,path:ec00100
ec:1.1.1.270,path:map00100
ec:1.1.1.270,path:ec00100
ec:1.14.13.70,path:map00100
ec:1.14.13.70,path:ec00100
ec:1.14.14.17,path:map00100
ec:1.14.14.17,path:ec00100
ec:1.14.14.24,path:map00100
ec:1.14.14.24,path:ec00100
ec:1.14.15.16,path:map00100
ec:1.14.15.16,path:ec00100
ec:1.14.15.18,path:map00100
ec:1.14.15.18,path:ec00100
ec:1.14.15.22,path:map00100
ec:1.14.15.22,path:ec00100
ec:1.14.18.9,path:map00100
ec:1.14.18.9,path:ec00100
ec:1.14.19.20,path:map00100
ec:1.14.19.20,path:ec00100
ec:1.14.19.41,path:map00100
ec:1.14.19.41,path:ec00100
ec:1.3.1.21,path:map00100
ec:1.3.1.21,path:ec00100
ec:1.3.1.70,path:map00100
ec:1.3.1.70,path:ec00100
ec:1.3.1.71,path:map00100
ec:1.3.1.71,path:ec00100
ec:1.3.1.72,path:map00100
ec:1.3.1.72,path:ec00100
ec:2.1.1.143,path:map00100
ec:2.1.1.143,path:ec00100
ec:2.1.1.41,path:map00100
ec:2.1.1.41,path:ec00100
ec:2.3.1.26,path:map00100
ec:2.3.1.26,path:ec00100
ec:2.3.1.73,path:map00100
ec:2.3.1.73,path:ec00100
ec:2.5.1.21,path:map00100
ec:2.5.1.21,path:ec00100
ec:3.1.1.13,path:map00100
ec:3.1.1.13,path:ec00100
ec:5.3.3.5,path:map00100
ec:5.3.3.5,path:ec00100
ec:5.4.99.7,path:map00100
ec:5.4.99.7,path:ec00100
ec:5.4.99.8,path:map00100
ec:5.4.99.8,path:ec00100
ec:5.5.1.9,path:map00100
ec:5.5.1.9,path:ec00100
ec:1.1.1.181,path:map00120
ec:1.1.1.181,path:ec00120
ec:1.1.1.35,path:map00120
ec:1.1.1.35,path:ec00120
ec:1.1.1.50,path:map00120
ec:1.1.1.50,path:ec00120
ec:1.14.14.23,path:map00120
ec:1.14.14.23,path:ec00120
ec:1.14.14.25,path:map00120
ec:1.14.14.25,path:ec00120
ec:1.14.14.26,path:map00120
ec:1.14.14.26,path:ec00120
ec:1.14.14.29,path:map00120
ec:1.14.14.29,path:ec00120
ec:1.14.15.15,path:map00120
ec:1.14.15.15,path:ec00120
ec:1.14.18.8,path:map00120
ec:1.14.18.8,path:ec00120
ec:1.14.99.38,path:map00120
ec:1.14.99.38,path:ec00120
ec:1.17.99.3,path:map00120
ec:1.17.99.3,path:ec00120
ec:1.3.1.3,path:map00120
ec:1.3.1.3,path:ec00120
ec:2.3.1.176,path:map00120
ec:2.3.1.176,path:ec00120
ec:2.3.1.65,path:map00120
ec:2.3.1.65,path:ec00120
ec:3.1.2.27,path:map00120
ec:3.1.2.27,path:ec00120
ec:3.5.1.24,path:map00120
ec:3.5.1.24,path:ec00120
ec:4.2.1.107,path:map00120
ec:4.2.1.107,path:ec00120
ec:5.1.99.4,path:map00120
ec:5.1.99.4,path:ec00120
ec:6.2.1.7,path:map00120
ec:6.2.1.7,path:ec00120
ec:1.1.1.159,path:map00121
ec:1.1.1.159,path:ec00121
ec:1.1.1.176,path:map00121
ec:1.1.1.176,path:ec00121
ec:1.1.1.201,path:map00121
ec:1.1.1.201,path:ec00121
ec:1.1.1.238,path:map00121
ec:1.1.1.238,path:ec00121
ec:1.1.1.391,path:map00121
ec:1.1.1.391,path:ec00121
ec:1.1.1.392,path:map00121
ec:1.1.1.392,path:ec00121
ec:1.1.1.393,path:map00121
ec:1.1.1.393,path:ec00121
ec:1.1.1.395,path:map00121
ec:1.1.1.395,path:ec00121
ec:1.1.1.52,path:map00121
ec:1.1.1.52,path:ec00121
ec:2.8.3.25,path:map00121
ec:2.8.3.25,path:ec00121
ec:3.5.1.24,path:map00121
ec:3.5.1.24,path:ec00121
ec:3.5.1.74,path:map00121
ec:3.5.1.74,path:ec00121
ec:4.2.1.106,path:map00121
ec:4.2.1.106,path:ec00121
ec:6.2.1.7,path:map00121
ec:6.2.1.7,path:ec00121
ec:1.1.1.237,path:map00130
ec:1.1.1.237,path:ec00130
ec:1.13.11.27,path:map00130
ec:1.13.11.27,path:ec00130
ec:1.14.13.11,path:map00130
ec:1.14.13.11,path:ec00130
ec:1.14.13.116,path:map00130
ec:1.14.13.116,path:ec00130
ec:1.17.4.4,path:map00130
ec:1.17.4.4,path:ec00130
ec:1.21.98.1,path:map00130
ec:1.21.98.1,path:ec00130
ec:1.6.5.2,path:map00130
ec:1.6.5.2,path:ec00130
ec:2.1.1.114,path:map00130
ec:2.1.1.114,path:ec00130
ec:2.1.1.163,path:map00130
ec:2.1.1.163,path:ec00130
ec:2.1.1.201,path:map00130
ec:2.1.1.201,path:ec00130
ec:2.1.1.222,path:map00130
ec:2.1.1.222,path:ec00130
ec:2.1.1.295,path:map00130
ec:2.1.1.295,path:ec00130
ec:2.1.1.64,path:map00130
ec:2.1.1.64,path:ec00130
ec:2.1.1.95,path:map00130
ec:2.1.1.95,path:ec00130
ec:2.2.1.9,path:map00130
ec:2.2.1.9,path:ec00130
ec:2.4.1.194,path:map00130
ec:2.4.1.194,path:ec00130
ec:2.5.1.115,path:map00130
ec:2.5.1.115,path:ec00130
ec:2.5.1.116,path:map00130
ec:2.5.1.116,path:ec00130
ec:2.5.1.117,path:map00130
ec:2.5.1.117,path:ec00130
ec:2.5.1.120,path:map00130
ec:2.5.1.120,path:ec00130
ec:2.5.1.39,path:map00130
ec:2.5.1.39,path:ec00130
ec:2.5.1.74,path:map00130
ec:2.5.1.74,path:ec00130
ec:2.5.1.93,path:map00130
ec:2.5.1.93,path:ec00130
ec:2.6.1.5,path:map00130
ec:2.6.1.5,path:ec00130
ec:3.1.2.23,path:map00130
ec:3.1.2.23,path:ec00130
ec:3.1.2.28,path:map00130
ec:3.1.2.28,path:ec00130
ec:3.2.2.26,path:map00130
ec:3.2.2.26,path:ec00130
ec:3.2.2.30,path:map00130
ec:3.2.2.30,path:ec00130
ec:3.5.4.40,path:map00130
ec:3.5.4.40,path:ec00130
ec:4.1.1.90,path:map00130
ec:4.1.1.90,path:ec00130
ec:4.1.1.98,path:map00130
ec:4.1.1.98,path:ec00130
ec:4.1.3.36,path:map00130
ec:4.1.3.36,path:ec00130
ec:4.1.3.40,path:map00130
ec:4.1.3.40,path:ec00130
ec:4.2.1.113,path:map00130
ec:4.2.1.113,path:ec00130
ec:4.2.1.151,path:map00130
ec:4.2.1.151,path:ec00130
ec:4.2.99.20,path:map00130
ec:4.2.99.20,path:ec00130
ec:5.4.4.2,path:map00130
ec:5.4.4.2,path:ec00130
ec:5.5.1.24,path:map00130
ec:5.5.1.24,path:ec00130
ec:6.2.1.12,path:map00130
ec:6.2.1.12,path:ec00130
ec:6.2.1.26,path:map00130
ec:6.2.1.26,path:ec00130
ec:1.1.1.145,path:map00140
ec:1.1.1.145,path:ec00140
ec:1.1.1.146,path:map00140
ec:1.1.1.146,path:ec00140
ec:1.1.1.148,path:map00140
ec:1.1.1.148,path:ec00140
ec:1.1.1.149,path:map00140
ec:1.1.1.149,path:ec00140
ec:1.1.1.152,path:map00140
ec:1.1.1.152,path:ec00140
ec:1.1.1.213,path:map00140
ec:1.1.1.213,path:ec00140
ec:1.1.1.239,path:map00140
ec:1.1.1.239,path:ec00140
ec:1.1.1.50,path:map00140
ec:1.1.1.50,path:ec00140
ec:1.1.1.51,path:map00140
ec:1.1.1.51,path:ec00140
ec:1.1.1.53,path:map00140
ec:1.1.1.53,path:ec00140
ec:1.1.1.62,path:map00140
ec:1.1.1.62,path:ec00140
ec:1.1.1.64,path:map00140
ec:1.1.1.64,path:ec00140
ec:1.14.14.1,path:map00140
ec:1.14.14.1,path:ec00140
ec:1.14.14.14,path:map00140
ec:1.14.14.14,path:ec00140
ec:1.14.14.16,path:map00140
ec:1.14.14.16,path:ec00140
ec:1.14.14.19,path:map00140
ec:1.14.14.19,path:ec00140
ec:1.14.14.23,path:map00140
ec:1.14.14.23,path:ec00140
ec:1.14.14.29,path:map00140
ec:1.14.14.29,path:ec00140
ec:1.14.14.32,path:map00140
ec:1.14.14.32,path:ec00140
ec:1.14.15.4,path:map00140
ec:1.14.15.4,path:ec00140
ec:1.14.15.5,path:map00140
ec:1.14.15.5,path:ec00140
ec:1.14.15.6,path:map00140
ec:1.14.15.6,path:ec00140
ec:1.14.99.11,path:map00140
ec:1.14.99.11,path:ec00140
ec:1.14.99.12,path:map00140
ec:1.14.99.12,path:ec00140
ec:1.14.99.14,path:map00140
ec:1.14.99.14,path:ec00140
ec:1.3.1.22,path:map00140
ec:1.3.1.22,path:ec00140
ec:1.3.1.3,path:map00140
ec:1.3.1.3,path:ec00140
ec:1.3.99.6,path:map00140
ec:1.3.99.6,path:ec00140
ec:2.1.1.6,path:map00140
ec:2.1.1.6,path:ec00140
ec:2.4.1.17,path:map00140
ec:2.4.1.17,path:ec00140
ec:2.8.2.15,path:map00140
ec:2.8.2.15,path:ec00140
ec:2.8.2.2,path:map00140
ec:2.8.2.2,path:ec00140
ec:2.8.2.4,path:map00140
ec:2.8.2.4,path:ec00140
ec:3.1.6.1,path:map00140
ec:3.1.6.1,path:ec00140
ec:3.1.6.2,path:map00140
ec:3.1.6.2,path:ec00140
ec:5.3.3.1,path:map00140
ec:5.3.3.1,path:ec00140
ec:1.10.2.2,path:map00190
ec:1.10.2.2,path:ec00190
ec:1.3.5.1,path:map00190
ec:1.3.5.1,path:ec00190
ec:1.6.5.11,path:map00190
ec:1.6.5.11,path:ec00190
ec:1.6.5.3,path:map00190
ec:1.6.5.3,path:ec00190
ec:1.6.99.3,path:map00190
ec:1.6.99.3,path:ec00190
ec:1.9.3.1,path:map00190
ec:1.9.3.1,path:ec00190
ec:2.7.4.1,path:map00190
ec:2.7.4.1,path:ec00190
ec:3.6.1.1,path:map00190
ec:3.6.1.1,path:ec00190
ec:3.6.3.10,path:map00190
ec:3.6.3.10,path:ec00190
ec:3.6.3.14,path:map00190
ec:3.6.3.14,path:ec00190
ec:3.6.3.6,path:map00190
ec:3.6.3.6,path:ec00190
ec:1.10.9.1,path:map00195
ec:1.10.9.1,path:ec00195
ec:1.18.1.2,path:map00195
ec:1.18.1.2,path:ec00195
ec:3.6.3.14,path:map00195
ec:3.6.3.14,path:ec00195
ec:1.14.13.39,path:map00220
ec:1.14.13.39,path:ec00220
ec:1.14.14.47,path:map00220
ec:1.14.14.47,path:ec00220
ec:1.2.1.38,path:map00220
ec:1.2.1.38,path:ec00220
ec:1.4.1.2,path:map00220
ec:1.4.1.2,path:ec00220
ec:1.4.1.3,path:map00220
ec:1.4.1.3,path:ec00220
ec:1.4.1.4,path:map00220
ec:1.4.1.4,path:ec00220
ec:2.1.3.3,path:map00220
ec:2.1.3.3,path:ec00220
ec:2.1.3.9,path:map00220
ec:2.1.3.9,path:ec00220
ec:2.3.1.1,path:map00220
ec:2.3.1.1,path:ec00220
ec:2.3.1.35,path:map00220
ec:2.3.1.35,path:ec00220
ec:2.6.1.1,path:map00220
ec:2.6.1.1,path:ec00220
ec:2.6.1.11,path:map00220
ec:2.6.1.11,path:ec00220
ec:2.6.1.2,path:map00220
ec:2.6.1.2,path:ec00220
ec:2.7.2.2,path:map00220
ec:2.7.2.2,path:ec00220
ec:2.7.2.8,path:map00220
ec:2.7.2.8,path:ec00220
ec:3.5.1.14,path:map00220
ec:3.5.1.14,path:ec00220
ec:3.5.1.16,path:map00220
ec:3.5.1.16,path:ec00220
ec:3.5.1.2,path:map00220
ec:3.5.1.2,path:ec00220
ec:3.5.1.38,path:map00220
ec:3.5.1.38,path:ec00220
ec:3.5.1.5,path:map00220
ec:3.5.1.5,path:ec00220
ec:3.5.1.54,path:map00220
ec:3.5.1.54,path:ec00220
ec:3.5.3.1,path:map00220
ec:3.5.3.1,path:ec00220
ec:3.5.3.6,path:map00220
ec:3.5.3.6,path:ec00220
ec:4.3.2.1,path:map00220
ec:4.3.2.1,path:ec00220
ec:6.3.1.2,path:map00220
ec:6.3.1.2,path:ec00220
ec:6.3.4.16,path:map00220
ec:6.3.4.16,path:ec00220
ec:6.3.4.5,path:map00220
ec:6.3.4.5,path:ec00220
ec:6.3.4.6,path:map00220
ec:6.3.4.6,path:ec00220
ec:1.1.1.154,path:map00230
ec:1.1.1.154,path:ec00230
ec:1.1.1.205,path:map00230
ec:1.1.1.205,path:ec00230
ec:1.1.1.350,path:map00230
ec:1.1.1.350,path:ec00230
ec:1.1.98.6,path:map00230
ec:1.1.98.6,path:ec00230
ec:1.14.13.113,path:map00230
ec:1.14.13.113,path:ec00230
ec:1.17.1.4,path:map00230
ec:1.17.1.4,path:ec00230
ec:1.17.3.2,path:map00230
ec:1.17.3.2,path:ec00230
ec:1.17.4.1,path:map00230
ec:1.17.4.1,path:ec00230
ec:1.17.4.2,path:map00230
ec:1.17.4.2,path:ec00230
ec:1.7.1.7,path:map00230
ec:1.7.1.7,path:ec00230
ec:1.7.3.3,path:map00230
ec:1.7.3.3,path:ec00230
ec:2.1.2.2,path:map00230
ec:2.1.2.2,path:ec00230
ec:2.1.2.3,path:map00230
ec:2.1.2.3,path:ec00230
ec:2.1.2.4,path:map00230
ec:2.1.2.4,path:ec00230
ec:2.1.3.5,path:map00230
ec:2.1.3.5,path:ec00230
ec:2.4.2.1,path:map00230
ec:2.4.2.1,path:ec00230
ec:2.4.2.14,path:map00230
ec:2.4.2.14,path:ec00230
ec:2.4.2.15,path:map00230
ec:2.4.2.15,path:ec00230
ec:2.4.2.16,path:map00230
ec:2.4.2.16,path:ec00230
ec:2.4.2.22,path:map00230
ec:2.4.2.22,path:ec00230
ec:2.4.2.7,path:map00230
ec:2.4.2.7,path:ec00230
ec:2.4.2.8,path:map00230
ec:2.4.2.8,path:ec00230
ec:2.6.1.112,path:map00230
ec:2.6.1.112,path:ec00230
ec:2.7.1.113,path:map00230
ec:2.7.1.113,path:ec00230
ec:2.7.1.20,path:map00230
ec:2.7.1.20,path:ec00230
ec:2.7.1.25,path:map00230
ec:2.7.1.25,path:ec00230
ec:2.7.1.40,path:map00230
ec:2.7.1.40,path:ec00230
ec:2.7.1.73,path:map00230
ec:2.7.1.73,path:ec00230
ec:2.7.1.74,path:map00230
ec:2.7.1.74,path:ec00230
ec:2.7.1.76,path:map00230
ec:2.7.1.76,path:ec00230
ec:2.7.2.2,path:map00230
ec:2.7.2.2,path:ec00230
ec:2.7.4.10,path:map00230
ec:2.7.4.10,path:ec00230
ec:2.7.4.11,path:map00230
ec:2.7.4.11,path:ec00230
ec:2.7.4.3,path:map00230
ec:2.7.4.3,path:ec00230
ec:2.7.4.6,path:map00230
ec:2.7.4.6,path:ec00230
ec:2.7.4.8,path:map00230
ec:2.7.4.8,path:ec00230
ec:2.7.6.1,path:map00230
ec:2.7.6.1,path:ec00230
ec:2.7.6.5,path:map00230
ec:2.7.6.5,path:ec00230
ec:2.7.7.4,path:map00230
ec:2.7.7.4,path:ec00230
ec:2.7.7.53,path:map00230
ec:2.7.7.53,path:ec00230
ec:2.7.7.6,path:map00230
ec:2.7.7.6,path:ec00230
ec:2.7.7.7,path:map00230
ec:2.7.7.7,path:ec00230
ec:2.7.7.8,path:map00230
ec:2.7.7.8,path:ec00230
ec:3.1.3.5,path:map00230
ec:3.1.3.5,path:ec00230
ec:3.1.3.6,path:map00230
ec:3.1.3.6,path:ec00230
ec:3.1.3.99,path:map00230
ec:3.1.3.99,path:ec00230
ec:3.1.4.16,path:map00230
ec:3.1.4.16,path:ec00230
ec:3.1.4.17,path:map00230
ec:3.1.4.17,path:ec00230
ec:3.1.4.35,path:map00230
ec:3.1.4.35,path:ec00230
ec:3.1.4.53,path:map00230
ec:3.1.4.53,path:ec00230
ec:3.1.5.1,path:map00230
ec:3.1.5.1,path:ec00230
ec:3.1.7.2,path:map00230
ec:3.1.7.2,path:ec00230
ec:3.2.2.1,path:map00230
ec:3.2.2.1,path:ec00230
ec:3.2.2.12,path:map00230
ec:3.2.2.12,path:ec00230
ec:3.2.2.2,path:map00230
ec:3.2.2.2,path:ec00230
ec:3.2.2.4,path:map00230
ec:3.2.2.4,path:ec00230
ec:3.2.2.7,path:map00230
ec:3.2.2.7,path:ec00230
ec:3.2.2.8,path:map00230
ec:3.2.2.8,path:ec00230
ec:3.5.1.116,path:map00230
ec:3.5.1.116,path:ec00230
ec:3.5.1.5,path:map00230
ec:3.5.1.5,path:ec00230
ec:3.5.2.17,path:map00230
ec:3.5.2.17,path:ec00230
ec:3.5.2.5,path:map00230
ec:3.5.2.5,path:ec00230
ec:3.5.3.26,path:map00230
ec:3.5.3.26,path:ec00230
ec:3.5.3.4,path:map00230
ec:3.5.3.4,path:ec00230
ec:3.5.3.9,path:map00230
ec:3.5.3.9,path:ec00230
ec:3.5.4.10,path:map00230
ec:3.5.4.10,path:ec00230
ec:3.5.4.2,path:map00230
ec:3.5.4.2,path:ec00230
ec:3.5.4.3,path:map00230
ec:3.5.4.3,path:ec00230
ec:3.5.4.4,path:map00230
ec:3.5.4.4,path:ec00230
ec:3.5.4.6,path:map00230
ec:3.5.4.6,path:ec00230
ec:3.5.4.8,path:map00230
ec:3.5.4.8,path:ec00230
ec:3.6.1.11,path:map00230
ec:3.6.1.11,path:ec00230
ec:3.6.1.13,path:map00230
ec:3.6.1.13,path:ec00230
ec:3.6.1.14,path:map00230
ec:3.6.1.14,path:ec00230
ec:3.6.1.15,path:map00230
ec:3.6.1.15,path:ec00230
ec:3.6.1.17,path:map00230
ec:3.6.1.17,path:ec00230
ec:3.6.1.20,path:map00230
ec:3.6.1.20,path:ec00230
ec:3.6.1.21,path:map00230
ec:3.6.1.21,path:ec00230
ec:3.6.1.29,path:map00230
ec:3.6.1.29,path:ec00230
ec:3.6.1.3,path:map00230
ec:3.6.1.3,path:ec00230
ec:3.6.1.40,path:map00230
ec:3.6.1.40,path:ec00230
ec:3.6.1.41,path:map00230
ec:3.6.1.41,path:ec00230
ec:3.6.1.5,path:map00230
ec:3.6.1.5,path:ec00230
ec:3.6.1.6,path:map00230
ec:3.6.1.6,path:ec00230
ec:3.6.1.61,path:map00230
ec:3.6.1.61,path:ec00230
ec:3.6.1.64,path:map00230
ec:3.6.1.64,path:ec00230
ec:3.6.1.66,path:map00230
ec:3.6.1.66,path:ec00230
ec:3.6.1.8,path:map00230
ec:3.6.1.8,path:ec00230
ec:3.6.1.9,path:map00230
ec:3.6.1.9,path:ec00230
ec:3.6.2.2,path:map00230
ec:3.6.2.2,path:ec00230
ec:4.1.1.21,path:map00230
ec:4.1.1.21,path:ec00230
ec:4.1.1.97,path:map00230
ec:4.1.1.97,path:ec00230
ec:4.3.2.2,path:map00230
ec:4.3.2.2,path:ec00230
ec:4.3.2.3,path:map00230
ec:4.3.2.3,path:ec00230
ec:4.6.1.1,path:map00230
ec:4.6.1.1,path:ec00230
ec:4.6.1.2,path:map00230
ec:4.6.1.2,path:ec00230
ec:5.1.99.3,path:map00230
ec:5.1.99.3,path:ec00230
ec:5.4.2.2,path:map00230
ec:5.4.2.2,path:ec00230
ec:5.4.2.7,path:map00230
ec:5.4.2.7,path:ec00230
ec:5.4.99.18,path:map00230
ec:5.4.99.18,path:ec00230
ec:6.3.2.6,path:map00230
ec:6.3.2.6,path:ec00230
ec:6.3.3.1,path:map00230
ec:6.3.3.1,path:ec00230
ec:6.3.4.13,path:map00230
ec:6.3.4.13,path:ec00230
ec:6.3.4.18,path:map00230
ec:6.3.4.18,path:ec00230
ec:6.3.4.23,path:map00230
ec:6.3.4.23,path:ec00230
ec:6.3.4.4,path:map00230
ec:6.3.4.4,path:ec00230
ec:6.3.4.7,path:map00230
ec:6.3.4.7,path:ec00230
ec:6.3.5.2,path:map00230
ec:6.3.5.2,path:ec00230
ec:6.3.5.3,path:map00230
ec:6.3.5.3,path:ec00230
ec:2.1.1.38,path:map00231
ec:2.1.1.38,path:ec00231
ec:1.14.13.128,path:map00232
ec:1.14.13.128,path:ec00232
ec:1.14.13.178,path:map00232
ec:1.14.13.178,path:ec00232
ec:1.14.13.179,path:map00232
ec:1.14.13.179,path:ec00232
ec:1.14.14.1,path:map00232
ec:1.14.14.1,path:ec00232
ec:1.17.3.2,path:map00232
ec:1.17.3.2,path:ec00232
ec:1.17.5.2,path:map00232
ec:1.17.5.2,path:ec00232
ec:1.7.3.3,path:map00232
ec:1.7.3.3,path:ec00232
ec:2.1.1.158,path:map00232
ec:2.1.1.158,path:ec00232
ec:2.1.1.159,path:map00232
ec:2.1.1.159,path:ec00232
ec:2.1.1.160,path:map00232
ec:2.1.1.160,path:ec00232
ec:2.3.1.5,path:map00232
ec:2.3.1.5,path:ec00232
ec:3.2.2.25,path:map00232
ec:3.2.2.25,path:ec00232
ec:1.1.98.6,path:map00240
ec:1.1.98.6,path:ec00240
ec:1.14.99.46,path:map00240
ec:1.14.99.46,path:ec00240
ec:1.17.4.1,path:map00240
ec:1.17.4.1,path:ec00240
ec:1.17.4.2,path:map00240
ec:1.17.4.2,path:ec00240
ec:1.17.99.4,path:map00240
ec:1.17.99.4,path:ec00240
ec:1.3.1.1,path:map00240
ec:1.3.1.1,path:ec00240
ec:1.3.1.14,path:map00240
ec:1.3.1.14,path:ec00240
ec:1.3.1.2,path:map00240
ec:1.3.1.2,path:ec00240
ec:1.3.5.2,path:map00240
ec:1.3.5.2,path:ec00240
ec:1.3.98.1,path:map00240
ec:1.3.98.1,path:ec00240
ec:2.1.1.148,path:map00240
ec:2.1.1.148,path:ec00240
ec:2.1.1.45,path:map00240
ec:2.1.1.45,path:ec00240
ec:2.1.2.8,path:map00240
ec:2.1.2.8,path:ec00240
ec:2.1.3.2,path:map00240
ec:2.1.3.2,path:ec00240
ec:2.4.2.1,path:map00240
ec:2.4.2.1,path:ec00240
ec:2.4.2.10,path:map00240
ec:2.4.2.10,path:ec00240
ec:2.4.2.2,path:map00240
ec:2.4.2.2,path:ec00240
ec:2.4.2.3,path:map00240
ec:2.4.2.3,path:ec00240
ec:2.4.2.4,path:map00240
ec:2.4.2.4,path:ec00240
ec:2.4.2.6,path:map00240
ec:2.4.2.6,path:ec00240
ec:2.4.2.9,path:map00240
ec:2.4.2.9,path:ec00240
ec:2.7.1.21,path:map00240
ec:2.7.1.21,path:ec00240
ec:2.7.1.213,path:map00240
ec:2.7.1.213,path:ec00240
ec:2.7.1.48,path:map00240
ec:2.7.1.48,path:ec00240
ec:2.7.1.74,path:map00240
ec:2.7.1.74,path:ec00240
ec:2.7.1.83,path:map00240
ec:2.7.1.83,path:ec00240
ec:2.7.4.12,path:map00240
ec:2.7.4.12,path:ec00240
ec:2.7.4.14,path:map00240
ec:2.7.4.14,path:ec00240
ec:2.7.4.22,path:map00240
ec:2.7.4.22,path:ec00240
ec:2.7.4.25,path:map00240
ec:2.7.4.25,path:ec00240
ec:2.7.4.6,path:map00240
ec:2.7.4.6,path:ec00240
ec:2.7.4.9,path:map00240
ec:2.7.4.9,path:ec00240
ec:2.7.7.6,path:map00240
ec:2.7.7.6,path:ec00240
ec:2.7.7.7,path:map00240
ec:2.7.7.7,path:ec00240
ec:2.7.7.8,path:map00240
ec:2.7.7.8,path:ec00240
ec:3.1.3.5,path:map00240
ec:3.1.3.5,path:ec00240
ec:3.1.3.6,path:map00240
ec:3.1.3.6,path:ec00240
ec:3.1.3.89,path:map00240
ec:3.1.3.89,path:ec00240
ec:3.1.4.16,path:map00240
ec:3.1.4.16,path:ec00240
ec:3.2.2.10,path:map00240
ec:3.2.2.10,path:ec00240
ec:3.2.2.3,path:map00240
ec:3.2.2.3,path:ec00240
ec:3.2.2.8,path:map00240
ec:3.2.2.8,path:ec00240
ec:3.5.1.110,path:map00240
ec:3.5.1.110,path:ec00240
ec:3.5.1.6,path:map00240
ec:3.5.1.6,path:ec00240
ec:3.5.1.95,path:map00240
ec:3.5.1.95,path:ec00240
ec:3.5.2.1,path:map00240
ec:3.5.2.1,path:ec00240
ec:3.5.2.2,path:map00240
ec:3.5.2.2,path:ec00240
ec:3.5.2.3,path:map00240
ec:3.5.2.3,path:ec00240
ec:3.5.4.1,path:map00240
ec:3.5.4.1,path:ec00240
ec:3.5.4.12,path:map00240
ec:3.5.4.12,path:ec00240
ec:3.5.4.13,path:map00240
ec:3.5.4.13,path:ec00240
ec:3.5.4.30,path:map00240
ec:3.5.4.30,path:ec00240
ec:3.5.4.5,path:map00240
ec:3.5.4.5,path:ec00240
ec:3.6.1.12,path:map00240
ec:3.6.1.12,path:ec00240
ec:3.6.1.17,path:map00240
ec:3.6.1.17,path:ec00240
ec:3.6.1.23,path:map00240
ec:3.6.1.23,path:ec00240
ec:3.6.1.39,path:map00240
ec:3.6.1.39,path:ec00240
ec:3.6.1.5,path:map00240
ec:3.6.1.5,path:ec00240
ec:3.6.1.6,path:map00240
ec:3.6.1.6,path:ec00240
ec:3.6.1.8,path:map00240
ec:3.6.1.8,path:ec00240
ec:3.6.1.9,path:map00240
ec:3.6.1.9,path:ec00240
ec:4.1.1.23,path:map00240
ec:4.1.1.23,path:ec00240
ec:4.2.1.70,path:map00240
ec:4.2.1.70,path:ec00240
ec:6.3.4.2,path:map00240
ec:6.3.4.2,path:ec00240
ec:6.3.5.5,path:map00240
ec:6.3.5.5,path:ec00240
ec:1.2.1.16,path:map00250
ec:1.2.1.16,path:ec00250
ec:1.2.1.24,path:map00250
ec:1.2.1.24,path:ec00250
ec:1.2.1.79,path:map00250
ec:1.2.1.79,path:ec00250
ec:1.2.1.88,path:map00250
ec:1.2.1.88,path:ec00250
ec:1.4.1.1,path:map00250
ec:1.4.1.1,path:ec00250
ec:1.4.1.13,path:map00250
ec:1.4.1.13,path:ec00250
ec:1.4.1.14,path:map00250
ec:1.4.1.14,path:ec00250
ec:1.4.1.2,path:map00250
ec:1.4.1.2,path:ec00250
ec:1.4.1.3,path:map00250
ec:1.4.1.3,path:ec00250
ec:1.4.1.4,path:map00250
ec:1.4.1.4,path:ec00250
ec:1.4.3.1,path:map00250
ec:1.4.3.1,path:ec00250
ec:1.4.3.15,path:map00250
ec:1.4.3.15,path:ec00250
ec:1.4.3.16,path:map00250
ec:1.4.3.16,path:ec00250
ec:1.4.3.2,path:map00250
ec:1.4.3.2,path:ec00250
ec:2.1.3.2,path:map00250
ec:2.1.3.2,path:ec00250
ec:2.3.1.17,path:map00250
ec:2.3.1.17,path:ec00250
ec:2.4.2.14,path:map00250
ec:2.4.2.14,path:ec00250
ec:2.6.1.1,path:map00250
ec:2.6.1.1,path:ec00250
ec:2.6.1.12,path:map00250
ec:2.6.1.12,path:ec00250
ec:2.6.1.14,path:map00250
ec:2.6.1.14,path:ec00250
ec:2.6.1.15,path:map00250
ec:2.6.1.15,path:ec00250
ec:2.6.1.16,path:map00250
ec:2.6.1.16,path:ec00250
ec:2.6.1.19,path:map00250
ec:2.6.1.19,path:ec00250
ec:2.6.1.2,path:map00250
ec:2.6.1.2,path:ec00250
ec:2.6.1.44,path:map00250
ec:2.6.1.44,path:ec00250
ec:2.6.1.96,path:map00250
ec:2.6.1.96,path:ec00250
ec:3.4.17.21,path:map00250
ec:3.4.17.21,path:ec00250
ec:3.5.1.1,path:map00250
ec:3.5.1.1,path:ec00250
ec:3.5.1.111,path:map00250
ec:3.5.1.111,path:ec00250
ec:3.5.1.15,path:map00250
ec:3.5.1.15,path:ec00250
ec:3.5.1.2,path:map00250
ec:3.5.1.2,path:ec00250
ec:3.5.1.3,path:map00250
ec:3.5.1.3,path:ec00250
ec:3.5.1.38,path:map00250
ec:3.5.1.38,path:ec00250
ec:3.5.1.7,path:map00250
ec:3.5.1.7,path:ec00250
ec:4.1.1.12,path:map00250
ec:4.1.1.12,path:ec00250
ec:4.1.1.15,path:map00250
ec:4.1.1.15,path:ec00250
ec:4.3.1.1,path:map00250
ec:4.3.1.1,path:ec00250
ec:4.3.2.1,path:map00250
ec:4.3.2.1,path:ec00250
ec:4.3.2.2,path:map00250
ec:4.3.2.2,path:ec00250
ec:5.1.1.13,path:map00250
ec:5.1.1.13,path:ec00250
ec:6.3.1.1,path:map00250
ec:6.3.1.1,path:ec00250
ec:6.3.1.17,path:map00250
ec:6.3.1.17,path:ec00250
ec:6.3.1.2,path:map00250
ec:6.3.1.2,path:ec00250
ec:6.3.2.41,path:map00250
ec:6.3.2.41,path:ec00250
ec:6.3.2.42,path:map00250
ec:6.3.2.42,path:ec00250
ec:6.3.4.16,path:map00250
ec:6.3.4.16,path:ec00250
ec:6.3.4.4,path:map00250
ec:6.3.4.4,path:ec00250
ec:6.3.4.5,path:map00250
ec:6.3.4.5,path:ec00250
ec:6.3.5.4,path:map00250
ec:6.3.5.4,path:ec00250
ec:6.3.5.5,path:map00250
ec:6.3.5.5,path:ec00250
ec:1.14.13.231,path:map00253
ec:1.14.13.231,path:ec00253
ec:1.14.13.232,path:map00253
ec:1.14.13.232,path:ec00253
ec:1.14.13.233,path:map00253
ec:1.14.13.233,path:ec00253
ec:1.14.13.234,path:map00253
ec:1.14.13.234,path:ec00253
ec:1.14.13.38,path:map00253
ec:1.14.13.38,path:ec00253
ec:1.14.19.49,path:map00253
ec:1.14.19.49,path:ec00253
ec:1.3.98.4,path:map00253
ec:1.3.98.4,path:ec00253
ec:2.1.1.335,path:map00253
ec:2.1.1.335,path:ec00253
ec:2.3.1.260,path:map00253
ec:2.3.1.260,path:ec00253
ec:1.1.1.349,path:map00254
ec:1.1.1.349,path:ec00254
ec:1.1.1.352,path:map00254
ec:1.1.1.352,path:ec00254
ec:1.1.1.353,path:map00254
ec:1.1.1.353,path:ec00254
ec:1.13.12.20,path:map00254
ec:1.13.12.20,path:ec00254
ec:1.14.13.174,path:map00254
ec:1.14.13.174,path:ec00254
ec:1.14.13.175,path:map00254
ec:1.14.13.175,path:ec00254
ec:2.1.1.109,path:map00254
ec:2.1.1.109,path:ec00254
ec:2.1.1.110,path:map00254
ec:2.1.1.110,path:ec00254
ec:2.3.1.221,path:map00254
ec:2.3.1.221,path:ec00254
ec:3.1.1.94,path:map00254
ec:3.1.1.94,path:ec00254
ec:4.2.1.142,path:map00254
ec:4.2.1.142,path:ec00254
ec:4.2.1.143,path:map00254
ec:4.2.1.143,path:ec00254
ec:6.4.1.2,path:map00254
ec:6.4.1.2,path:ec00254
ec:1.1.1.1,path:map00260
ec:1.1.1.1,path:ec00260
ec:1.1.1.103,path:map00260
ec:1.1.1.103,path:ec00260
ec:1.1.1.29,path:map00260
ec:1.1.1.29,path:ec00260
ec:1.1.1.3,path:map00260
ec:1.1.1.3,path:ec00260
ec:1.1.1.381,path:map00260
ec:1.1.1.381,path:ec00260
ec:1.1.1.75,path:map00260
ec:1.1.1.75,path:ec00260
ec:1.1.1.81,path:map00260
ec:1.1.1.81,path:ec00260
ec:1.1.1.95,path:map00260
ec:1.1.1.95,path:ec00260
ec:1.1.3.17,path:map00260
ec:1.1.3.17,path:ec00260
ec:1.1.99.1,path:map00260
ec:1.1.99.1,path:ec00260
ec:1.14.11.55,path:map00260
ec:1.14.11.55,path:ec00260
ec:1.14.15.7,path:map00260
ec:1.14.15.7,path:ec00260
ec:1.2.1.11,path:map00260
ec:1.2.1.11,path:ec00260
ec:1.2.1.8,path:map00260
ec:1.2.1.8,path:ec00260
ec:1.4.2.1,path:map00260
ec:1.4.2.1,path:ec00260
ec:1.4.3.21,path:map00260
ec:1.4.3.21,path:ec00260
ec:1.4.3.3,path:map00260
ec:1.4.3.3,path:ec00260
ec:1.4.3.4,path:map00260
ec:1.4.3.4,path:ec00260
ec:1.4.4.2,path:map00260
ec:1.4.4.2,path:ec00260
ec:1.5.3.1,path:map00260
ec:1.5.3.1,path:ec00260
ec:1.5.8.3,path:map00260
ec:1.5.8.3,path:ec00260
ec:1.5.8.4,path:map00260
ec:1.5.8.4,path:ec00260
ec:1.8.1.4,path:map00260
ec:1.8.1.4,path:ec00260
ec:2.1.1.156,path:map00260
ec:2.1.1.156,path:ec00260
ec:2.1.1.157,path:map00260
ec:2.1.1.157,path:ec00260
ec:2.1.1.161,path:map00260
ec:2.1.1.161,path:ec00260
ec:2.1.1.2,path:map00260
ec:2.1.1.2,path:ec00260
ec:2.1.1.20,path:map00260
ec:2.1.1.20,path:ec00260
ec:2.1.1.5,path:map00260
ec:2.1.1.5,path:ec00260
ec:2.1.2.1,path:map00260
ec:2.1.2.1,path:ec00260
ec:2.1.2.10,path:map00260
ec:2.1.2.10,path:ec00260
ec:2.1.4.1,path:map00260
ec:2.1.4.1,path:ec00260
ec:2.3.1.178,path:map00260
ec:2.3.1.178,path:ec00260
ec:2.3.1.29,path:map00260
ec:2.3.1.29,path:ec00260
ec:2.3.1.37,path:map00260
ec:2.3.1.37,path:ec00260
ec:2.6.1.4,path:map00260
ec:2.6.1.4,path:ec00260
ec:2.6.1.44,path:map00260
ec:2.6.1.44,path:ec00260
ec:2.6.1.45,path:map00260
ec:2.6.1.45,path:ec00260
ec:2.6.1.51,path:map00260
ec:2.6.1.51,path:ec00260
ec:2.6.1.52,path:map00260
ec:2.6.1.52,path:ec00260
ec:2.6.1.76,path:map00260
ec:2.6.1.76,path:ec00260
ec:2.7.1.165,path:map00260
ec:2.7.1.165,path:ec00260
ec:2.7.1.31,path:map00260
ec:2.7.1.31,path:ec00260
ec:2.7.1.39,path:map00260
ec:2.7.1.39,path:ec00260
ec:2.7.2.4,path:map00260
ec:2.7.2.4,path:ec00260
ec:2.7.3.5,path:map00260
ec:2.7.3.5,path:ec00260
ec:2.7.8.8,path:map00260
ec:2.7.8.8,path:ec00260
ec:3.1.3.3,path:map00260
ec:3.1.3.3,path:ec00260
ec:3.1.3.38,path:map00260
ec:3.1.3.38,path:ec00260
ec:3.5.1.125,path:map00260
ec:3.5.1.125,path:ec00260
ec:3.5.3.3,path:map00260
ec:3.5.3.3,path:ec00260
ec:3.5.4.44,path:map00260
ec:3.5.4.44,path:ec00260
ec:4.1.1.86,path:map00260
ec:4.1.1.86,path:ec00260
ec:4.1.2.48,path:map00260
ec:4.1.2.48,path:ec00260
ec:4.1.2.49,path:map00260
ec:4.1.2.49,path:ec00260
ec:4.1.2.5,path:map00260
ec:4.1.2.5,path:ec00260
ec:4.2.1.108,path:map00260
ec:4.2.1.108,path:ec00260
ec:4.2.1.20,path:map00260
ec:4.2.1.20,path:ec00260
ec:4.2.1.22,path:map00260
ec:4.2.1.22,path:ec00260
ec:4.2.3.1,path:map00260
ec:4.2.3.1,path:ec00260
ec:4.3.1.17,path:map00260
ec:4.3.1.17,path:ec00260
ec:4.3.1.18,path:map00260
ec:4.3.1.18,path:ec00260
ec:4.3.1.19,path:map00260
ec:4.3.1.19,path:ec00260
ec:4.4.1.1,path:map00260
ec:4.4.1.1,path:ec00260
ec:5.1.1.10,path:map00260
ec:5.1.1.10,path:ec00260
ec:5.1.1.18,path:map00260
ec:5.1.1.18,path:ec00260
ec:5.4.2.11,path:map00260
ec:5.4.2.11,path:ec00260
ec:5.4.2.12,path:map00260
ec:5.4.2.12,path:ec00260
ec:1.1.3.46,path:map00261
ec:1.1.3.46,path:ec00261
ec:1.13.11.46,path:map00261
ec:1.13.11.46,path:ec00261
ec:1.17.1.8,path:map00261
ec:1.17.1.8,path:ec00261
ec:1.2.1.11,path:map00261
ec:1.2.1.11,path:ec00261
ec:2.5.1.38,path:map00261
ec:2.5.1.38,path:ec00261
ec:2.6.1.103,path:map00261
ec:2.6.1.103,path:ec00261
ec:2.7.2.4,path:map00261
ec:2.7.2.4,path:ec00261
ec:2.7.7.4,path:map00261
ec:2.7.7.4,path:ec00261
ec:4.3.3.7,path:map00261
ec:4.3.3.7,path:ec00261
ec:5.1.1.14,path:map00261
ec:5.1.1.14,path:ec00261
ec:1.1.1.27,path:map00270
ec:1.1.1.27,path:ec00270
ec:1.1.1.3,path:map00270
ec:1.1.1.3,path:ec00270
ec:1.1.1.310,path:map00270
ec:1.1.1.310,path:ec00270
ec:1.1.1.338,path:map00270
ec:1.1.1.338,path:ec00270
ec:1.1.1.37,path:map00270
ec:1.1.1.37,path:ec00270
ec:1.13.11.20,path:map00270
ec:1.13.11.20,path:ec00270
ec:1.13.11.53,path:map00270
ec:1.13.11.53,path:ec00270
ec:1.13.11.54,path:map00270
ec:1.13.11.54,path:ec00270
ec:1.14.17.4,path:map00270
ec:1.14.17.4,path:ec00270
ec:1.2.1.11,path:map00270
ec:1.2.1.11,path:ec00270
ec:1.4.3.2,path:map00270
ec:1.4.3.2,path:ec00270
ec:1.8.1.10,path:map00270
ec:1.8.1.10,path:ec00270
ec:1.8.1.6,path:map00270
ec:1.8.1.6,path:ec00270
ec:1.8.4.1,path:map00270
ec:1.8.4.1,path:ec00270
ec:1.8.4.13,path:map00270
ec:1.8.4.13,path:ec00270
ec:1.8.4.14,path:map00270
ec:1.8.4.14,path:ec00270
ec:1.8.4.3,path:map00270
ec:1.8.4.3,path:ec00270
ec:1.8.4.4,path:map00270
ec:1.8.4.4,path:ec00270
ec:2.1.1.10,path:map00270
ec:2.1.1.10,path:ec00270
ec:2.1.1.13,path:map00270
ec:2.1.1.13,path:ec00270
ec:2.1.1.14,path:map00270
ec:2.1.1.14,path:ec00270
ec:2.1.1.37,path:map00270
ec:2.1.1.37,path:ec00270
ec:2.1.1.5,path:map00270
ec:2.1.1.5,path:ec00270
ec:2.3.1.184,path:map00270
ec:2.3.1.184,path:ec00270
ec:2.3.1.30,path:map00270
ec:2.3.1.30,path:ec00270
ec:2.3.1.31,path:map00270
ec:2.3.1.31,path:ec00270
ec:2.3.1.46,path:map00270
ec:2.3.1.46,path:ec00270
ec:2.4.2.28,path:map00270
ec:2.4.2.28,path:ec00270
ec:2.4.2.44,path:map00270
ec:2.4.2.44,path:ec00270
ec:2.5.1.134,path:map00270
ec:2.5.1.134,path:ec00270
ec:2.5.1.16,path:map00270
ec:2.5.1.16,path:ec00270
ec:2.5.1.22,path:map00270
ec:2.5.1.22,path:ec00270
ec:2.5.1.47,path:map00270
ec:2.5.1.47,path:ec00270
ec:2.5.1.48,path:map00270
ec:2.5.1.48,path:ec00270
ec:2.5.1.49,path:map00270
ec:2.5.1.49,path:ec00270
ec:2.5.1.6,path:map00270
ec:2.5.1.6,path:ec00270
ec:2.5.1.65,path:map00270
ec:2.5.1.65,path:ec00270
ec:2.6.1.1,path:map00270
ec:2.6.1.1,path:ec00270
ec:2.6.1.3,path:map00270
ec:2.6.1.3,path:ec00270
ec:2.6.1.42,path:map00270
ec:2.6.1.42,path:ec00270
ec:2.6.1.44,path:map00270
ec:2.6.1.44,path:ec00270
ec:2.6.1.5,path:map00270
ec:2.6.1.5,path:ec00270
ec:2.6.1.57,path:map00270
ec:2.6.1.57,path:ec00270
ec:2.7.1.100,path:map00270
ec:2.7.1.100,path:ec00270
ec:2.7.2.4,path:map00270
ec:2.7.2.4,path:ec00270
ec:2.8.1.2,path:map00270
ec:2.8.1.2,path:ec00270
ec:3.1.3.77,path:map00270
ec:3.1.3.77,path:ec00270
ec:3.1.3.87,path:map00270
ec:3.1.3.87,path:ec00270
ec:3.2.2.16,path:map00270
ec:3.2.2.16,path:ec00270
ec:3.2.2.9,path:map00270
ec:3.2.2.9,path:ec00270
ec:3.3.1.1,path:map00270
ec:3.3.1.1,path:ec00270
ec:3.4.13.12,path:map00270
ec:3.4.13.12,path:ec00270
ec:3.5.1.31,path:map00270
ec:3.5.1.31,path:ec00270
ec:3.5.4.31,path:map00270
ec:3.5.4.31,path:ec00270
ec:3.5.99.7,path:map00270
ec:3.5.99.7,path:ec00270
ec:4.1.1.12,path:map00270
ec:4.1.1.12,path:ec00270
ec:4.1.1.50,path:map00270
ec:4.1.1.50,path:ec00270
ec:4.2.1.109,path:map00270
ec:4.2.1.109,path:ec00270
ec:4.2.1.22,path:map00270
ec:4.2.1.22,path:ec00270
ec:4.3.1.17,path:map00270
ec:4.3.1.17,path:ec00270
ec:4.4.1.1,path:map00270
ec:4.4.1.1,path:ec00270
ec:4.4.1.10,path:map00270
ec:4.4.1.10,path:ec00270
ec:4.4.1.11,path:map00270
ec:4.4.1.11,path:ec00270
ec:4.4.1.14,path:map00270
ec:4.4.1.14,path:ec00270
ec:4.4.1.15,path:map00270
ec:4.4.1.15,path:ec00270
ec:4.4.1.21,path:map00270
ec:4.4.1.21,path:ec00270
ec:4.4.1.24,path:map00270
ec:4.4.1.24,path:ec00270
ec:4.4.1.25,path:map00270
ec:4.4.1.25,path:ec00270
ec:4.4.1.28,path:map00270
ec:4.4.1.28,path:ec00270
ec:4.4.1.35,path:map00270
ec:4.4.1.35,path:ec00270
ec:4.4.1.8,path:map00270
ec:4.4.1.8,path:ec00270
ec:5.1.1.10,path:map00270
ec:5.1.1.10,path:ec00270
ec:5.3.1.23,path:map00270
ec:5.3.1.23,path:ec00270
ec:5.3.2.5,path:map00270
ec:5.3.2.5,path:ec00270
ec:6.3.2.2,path:map00270
ec:6.3.2.2,path:ec00270
ec:6.3.2.3,path:map00270
ec:6.3.2.3,path:ec00270
ec:1.1.1.178,path:map00280
ec:1.1.1.178,path:ec00280
ec:1.1.1.31,path:map00280
ec:1.1.1.31,path:ec00280
ec:1.1.1.35,path:map00280
ec:1.1.1.35,path:ec00280
ec:1.2.1.27,path:map00280
ec:1.2.1.27,path:ec00280
ec:1.2.1.3,path:map00280
ec:1.2.1.3,path:ec00280
ec:1.2.3.1,path:map00280
ec:1.2.3.1,path:ec00280
ec:1.2.4.4,path:map00280
ec:1.2.4.4,path:ec00280
ec:1.2.7.7,path:map00280
ec:1.2.7.7,path:ec00280
ec:1.3.8.1,path:map00280
ec:1.3.8.1,path:ec00280
ec:1.3.8.4,path:map00280
ec:1.3.8.4,path:ec00280
ec:1.3.8.7,path:map00280
ec:1.3.8.7,path:ec00280
ec:1.3.99.12,path:map00280
ec:1.3.99.12,path:ec00280
ec:1.4.1.23,path:map00280
ec:1.4.1.23,path:ec00280
ec:1.4.1.9,path:map00280
ec:1.4.1.9,path:ec00280
ec:1.4.3.2,path:map00280
ec:1.4.3.2,path:ec00280
ec:1.8.1.4,path:map00280
ec:1.8.1.4,path:ec00280
ec:2.3.1.16,path:map00280
ec:2.3.1.16,path:ec00280
ec:2.3.1.168,path:map00280
ec:2.3.1.168,path:ec00280
ec:2.3.1.9,path:map00280
ec:2.3.1.9,path:ec00280
ec:2.3.3.10,path:map00280
ec:2.3.3.10,path:ec00280
ec:2.6.1.18,path:map00280
ec:2.6.1.18,path:ec00280
ec:2.6.1.22,path:map00280
ec:2.6.1.22,path:ec00280
ec:2.6.1.40,path:map00280
ec:2.6.1.40,path:ec00280
ec:2.6.1.42,path:map00280
ec:2.6.1.42,path:ec00280
ec:2.6.1.6,path:map00280
ec:2.6.1.6,path:ec00280
ec:2.8.3.5,path:map00280
ec:2.8.3.5,path:ec00280
ec:3.1.2.17,path:map00280
ec:3.1.2.17,path:ec00280
ec:3.1.2.4,path:map00280
ec:3.1.2.4,path:ec00280
ec:4.1.3.4,path:map00280
ec:4.1.3.4,path:ec00280
ec:4.2.1.17,path:map00280
ec:4.2.1.17,path:ec00280
ec:4.2.1.18,path:map00280
ec:4.2.1.18,path:ec00280
ec:5.1.99.1,path:map00280
ec:5.1.99.1,path:ec00280
ec:5.4.99.2,path:map00280
ec:5.4.99.2,path:ec00280
ec:6.2.1.16,path:map00280
ec:6.2.1.16,path:ec00280
ec:6.4.1.3,path:map00280
ec:6.4.1.3,path:ec00280
ec:6.4.1.4,path:map00280
ec:6.4.1.4,path:ec00280
ec:1.1.1.183,path:map00281
ec:1.1.1.183,path:ec00281
ec:1.1.1.347,path:map00281
ec:1.1.1.347,path:ec00281
ec:1.1.1.35,path:map00281
ec:1.1.1.35,path:ec00281
ec:1.2.1.86,path:map00281
ec:1.2.1.86,path:ec00281
ec:2.3.1.16,path:map00281
ec:2.3.1.16,path:ec00281
ec:4.1.3.26,path:map00281
ec:4.1.3.26,path:ec00281
ec:4.1.3.4,path:map00281
ec:4.1.3.4,path:ec00281
ec:4.2.1.17,path:map00281
ec:4.2.1.17,path:ec00281
ec:4.2.1.57,path:map00281
ec:4.2.1.57,path:ec00281
ec:6.4.1.5,path:map00281
ec:6.4.1.5,path:ec00281
ec:1.1.1.85,path:map00290
ec:1.1.1.85,path:ec00290
ec:1.1.1.86,path:map00290
ec:1.1.1.86,path:ec00290
ec:1.4.1.9,path:map00290
ec:1.4.1.9,path:ec00290
ec:2.2.1.6,path:map00290
ec:2.2.1.6,path:ec00290
ec:2.3.1.182,path:map00290
ec:2.3.1.182,path:ec00290
ec:2.3.3.13,path:map00290
ec:2.3.3.13,path:ec00290
ec:2.6.1.42,path:map00290
ec:2.6.1.42,path:ec00290
ec:2.6.1.6,path:map00290
ec:2.6.1.6,path:ec00290
ec:2.6.1.66,path:map00290
ec:2.6.1.66,path:ec00290
ec:4.2.1.33,path:map00290
ec:4.2.1.33,path:ec00290
ec:4.2.1.35,path:map00290
ec:4.2.1.35,path:ec00290
ec:4.2.1.9,path:map00290
ec:4.2.1.9,path:ec00290
ec:4.3.1.19,path:map00290
ec:4.3.1.19,path:ec00290
ec:5.4.99.3,path:map00290
ec:5.4.99.3,path:ec00290
ec:1.1.1.286,path:map00300
ec:1.1.1.286,path:ec00300
ec:1.1.1.3,path:map00300
ec:1.1.1.3,path:ec00300
ec:1.1.1.87,path:map00300
ec:1.1.1.87,path:ec00300
ec:1.17.1.8,path:map00300
ec:1.17.1.8,path:ec00300
ec:1.2.1.11,path:map00300
ec:1.2.1.11,path:ec00300
ec:1.2.1.95,path:map00300
ec:1.2.1.95,path:ec00300
ec:1.4.1.16,path:map00300
ec:1.4.1.16,path:ec00300
ec:1.5.1.10,path:map00300
ec:1.5.1.10,path:ec00300
ec:1.5.1.7,path:map00300
ec:1.5.1.7,path:ec00300
ec:2.3.1.117,path:map00300
ec:2.3.1.117,path:ec00300
ec:2.3.1.89,path:map00300
ec:2.3.1.89,path:ec00300
ec:2.3.3.14,path:map00300
ec:2.3.3.14,path:ec00300
ec:2.6.1.17,path:map00300
ec:2.6.1.17,path:ec00300
ec:2.6.1.39,path:map00300
ec:2.6.1.39,path:ec00300
ec:2.6.1.57,path:map00300
ec:2.6.1.57,path:ec00300
ec:2.6.1.83,path:map00300
ec:2.6.1.83,path:ec00300
ec:2.7.2.4,path:map00300
ec:2.7.2.4,path:ec00300
ec:3.5.1.18,path:map00300
ec:3.5.1.18,path:ec00300
ec:3.5.1.47,path:map00300
ec:3.5.1.47,path:ec00300
ec:4.1.1.20,path:map00300
ec:4.1.1.20,path:ec00300
ec:4.2.1.114,path:map00300
ec:4.2.1.114,path:ec00300
ec:4.2.1.36,path:map00300
ec:4.2.1.36,path:ec00300
ec:4.3.3.7,path:map00300
ec:4.3.3.7,path:ec00300
ec:5.1.1.7,path:map00300
ec:5.1.1.7,path:ec00300
ec:5.4.99.58,path:map00300
ec:5.4.99.58,path:ec00300
ec:6.3.2.10,path:map00300
ec:6.3.2.10,path:ec00300
ec:6.3.2.13,path:map00300
ec:6.3.2.13,path:ec00300
ec:6.3.2.43,path:map00300
ec:6.3.2.43,path:ec00300
ec:1.1.1.35,path:map00310
ec:1.1.1.35,path:ec00310
ec:1.13.12.2,path:map00310
ec:1.13.12.2,path:ec00310
ec:1.14.11.1,path:map00310
ec:1.14.11.1,path:ec00310
ec:1.14.11.4,path:map00310
ec:1.14.11.4,path:ec00310
ec:1.14.11.8,path:map00310
ec:1.14.11.8,path:ec00310
ec:1.14.13.59,path:map00310
ec:1.14.13.59,path:ec00310
ec:1.2.1.20,path:map00310
ec:1.2.1.20,path:ec00310
ec:1.2.1.3,path:map00310
ec:1.2.1.3,path:ec00310
ec:1.2.1.31,path:map00310
ec:1.2.1.31,path:ec00310
ec:1.2.1.47,path:map00310
ec:1.2.1.47,path:ec00310
ec:1.2.4.2,path:map00310
ec:1.2.4.2,path:ec00310
ec:1.3.8.6,path:map00310
ec:1.3.8.6,path:ec00310
ec:1.4.1.11,path:map00310
ec:1.4.1.11,path:ec00310
ec:1.4.1.12,path:map00310
ec:1.4.1.12,path:ec00310
ec:1.4.3.14,path:map00310
ec:1.4.3.14,path:ec00310
ec:1.5.1.1,path:map00310
ec:1.5.1.1,path:ec00310
ec:1.5.1.10,path:map00310
ec:1.5.1.10,path:ec00310
ec:1.5.1.16,path:map00310
ec:1.5.1.16,path:ec00310
ec:1.5.1.21,path:map00310
ec:1.5.1.21,path:ec00310
ec:1.5.1.7,path:map00310
ec:1.5.1.7,path:ec00310
ec:1.5.1.8,path:map00310
ec:1.5.1.8,path:ec00310
ec:1.5.1.9,path:map00310
ec:1.5.1.9,path:ec00310
ec:1.5.3.7,path:map00310
ec:1.5.3.7,path:ec00310
ec:1.5.99.3,path:map00310
ec:1.5.99.3,path:ec00310
ec:2.1.1.43,path:map00310
ec:2.1.1.43,path:ec00310
ec:2.1.1.59,path:map00310
ec:2.1.1.59,path:ec00310
ec:2.1.1.60,path:map00310
ec:2.1.1.60,path:ec00310
ec:2.3.1.102,path:map00310
ec:2.3.1.102,path:ec00310
ec:2.3.1.247,path:map00310
ec:2.3.1.247,path:ec00310
ec:2.3.1.32,path:map00310
ec:2.3.1.32,path:ec00310
ec:2.3.1.61,path:map00310
ec:2.3.1.61,path:ec00310
ec:2.3.1.9,path:map00310
ec:2.3.1.9,path:ec00310
ec:2.4.1.50,path:map00310
ec:2.4.1.50,path:ec00310
ec:2.6.1.21,path:map00310
ec:2.6.1.21,path:ec00310
ec:2.6.1.39,path:map00310
ec:2.6.1.39,path:ec00310
ec:2.6.1.48,path:map00310
ec:2.6.1.48,path:ec00310
ec:2.6.1.65,path:map00310
ec:2.6.1.65,path:ec00310
ec:2.7.1.81,path:map00310
ec:2.7.1.81,path:ec00310
ec:2.8.3.9,path:map00310
ec:2.8.3.9,path:ec00310
ec:3.5.1.17,path:map00310
ec:3.5.1.17,path:ec00310
ec:3.5.1.30,path:map00310
ec:3.5.1.30,path:ec00310
ec:3.5.1.63,path:map00310
ec:3.5.1.63,path:ec00310
ec:4.1.1.18,path:map00310
ec:4.1.1.18,path:ec00310
ec:4.2.1.17,path:map00310
ec:4.2.1.17,path:ec00310
ec:4.2.3.134,path:map00310
ec:4.2.3.134,path:ec00310
ec:4.3.1.14,path:map00310
ec:4.3.1.14,path:ec00310
ec:5.1.1.5,path:map00310
ec:5.1.1.5,path:ec00310
ec:5.1.1.9,path:map00310
ec:5.1.1.9,path:ec00310
ec:5.4.3.2,path:map00310
ec:5.4.3.2,path:ec00310
ec:5.4.3.3,path:map00310
ec:5.4.3.3,path:ec00310
ec:6.2.1.6,path:map00310
ec:6.2.1.6,path:ec00310
ec:6.3.2.38,path:map00310
ec:6.3.2.38,path:ec00310
ec:6.3.2.39,path:map00310
ec:6.3.2.39,path:ec00310
ec:1.14.11.26,path:map00311
ec:1.14.11.26,path:ec00311
ec:1.14.20.1,path:map00311
ec:1.14.20.1,path:ec00311
ec:1.21.3.1,path:map00311
ec:1.21.3.1,path:ec00311
ec:1.4.3.3,path:map00311
ec:1.4.3.3,path:ec00311
ec:2.1.3.7,path:map00311
ec:2.1.3.7,path:ec00311
ec:2.3.1.164,path:map00311
ec:2.3.1.164,path:ec00311
ec:2.3.1.175,path:map00311
ec:2.3.1.175,path:ec00311
ec:2.6.1.74,path:map00311
ec:2.6.1.74,path:ec00311
ec:3.1.1.41,path:map00311
ec:3.1.1.41,path:ec00311
ec:3.5.1.11,path:map00311
ec:3.5.1.11,path:ec00311
ec:3.5.1.93,path:map00311
ec:3.5.1.93,path:ec00311
ec:3.5.2.6,path:map00311
ec:3.5.2.6,path:ec00311
ec:5.1.1.17,path:map00311
ec:5.1.1.17,path:ec00311
ec:6.3.2.26,path:map00311
ec:6.3.2.26,path:ec00311
ec:1.1.1.104,path:map00330
ec:1.1.1.104,path:ec00330
ec:1.13.12.1,path:map00330
ec:1.13.12.1,path:ec00330
ec:1.14.11.2,path:map00330
ec:1.14.11.2,path:ec00330
ec:1.14.13.39,path:map00330
ec:1.14.13.39,path:ec00330
ec:1.14.14.47,path:map00330
ec:1.14.14.47,path:ec00330
ec:1.2.1.19,path:map00330
ec:1.2.1.19,path:ec00330
ec:1.2.1.3,path:map00330
ec:1.2.1.3,path:ec00330
ec:1.2.1.41,path:map00330
ec:1.2.1.41,path:ec00330
ec:1.2.1.54,path:map00330
ec:1.2.1.54,path:ec00330
ec:1.2.1.71,path:map00330
ec:1.2.1.71,path:ec00330
ec:1.2.1.88,path:map00330
ec:1.2.1.88,path:ec00330
ec:1.2.1.99,path:map00330
ec:1.2.1.99,path:ec00330
ec:1.21.4.1,path:map00330
ec:1.21.4.1,path:ec00330
ec:1.4.1.12,path:map00330
ec:1.4.1.12,path:ec00330
ec:1.4.3.10,path:map00330
ec:1.4.3.10,path:ec00330
ec:1.4.3.22,path:map00330
ec:1.4.3.22,path:ec00330
ec:1.4.3.25,path:map00330
ec:1.4.3.25,path:ec00330
ec:1.4.3.3,path:map00330
ec:1.4.3.3,path:ec00330
ec:1.4.3.4,path:map00330
ec:1.4.3.4,path:ec00330
ec:1.5.1.1,path:map00330
ec:1.5.1.1,path:ec00330
ec:1.5.1.11,path:map00330
ec:1.5.1.11,path:ec00330
ec:1.5.1.19,path:map00330
ec:1.5.1.19,path:ec00330
ec:1.5.1.2,path:map00330
ec:1.5.1.2,path:ec00330
ec:1.5.1.43,path:map00330
ec:1.5.1.43,path:ec00330
ec:1.5.1.49,path:map00330
ec:1.5.1.49,path:ec00330
ec:1.5.3.14,path:map00330
ec:1.5.3.14,path:ec00330
ec:1.5.3.16,path:map00330
ec:1.5.3.16,path:ec00330
ec:1.5.3.17,path:map00330
ec:1.5.3.17,path:ec00330
ec:1.5.5.2,path:map00330
ec:1.5.5.2,path:ec00330
ec:1.5.5.3,path:map00330
ec:1.5.5.3,path:ec00330
ec:1.5.99.13,path:map00330
ec:1.5.99.13,path:ec00330
ec:1.5.99.6,path:map00330
ec:1.5.99.6,path:ec00330
ec:2.1.1.2,path:map00330
ec:2.1.1.2,path:ec00330
ec:2.1.4.1,path:map00330
ec:2.1.4.1,path:ec00330
ec:2.3.1.109,path:map00330
ec:2.3.1.109,path:ec00330
ec:2.3.1.57,path:map00330
ec:2.3.1.57,path:ec00330
ec:2.3.1.64,path:map00330
ec:2.3.1.64,path:ec00330
ec:2.5.1.16,path:map00330
ec:2.5.1.16,path:ec00330
ec:2.5.1.22,path:map00330
ec:2.5.1.22,path:ec00330
ec:2.6.1.1,path:map00330
ec:2.6.1.1,path:ec00330
ec:2.6.1.113,path:map00330
ec:2.6.1.113,path:ec00330
ec:2.6.1.13,path:map00330
ec:2.6.1.13,path:ec00330
ec:2.6.1.21,path:map00330
ec:2.6.1.21,path:ec00330
ec:2.6.1.23,path:map00330
ec:2.6.1.23,path:ec00330
ec:2.6.1.29,path:map00330
ec:2.6.1.29,path:ec00330
ec:2.6.1.81,path:map00330
ec:2.6.1.81,path:ec00330
ec:2.6.1.82,path:map00330
ec:2.6.1.82,path:ec00330
ec:2.6.1.84,path:map00330
ec:2.6.1.84,path:ec00330
ec:2.7.2.11,path:map00330
ec:2.7.2.11,path:ec00330
ec:2.7.3.1,path:map00330
ec:2.7.3.1,path:ec00330
ec:2.7.3.2,path:map00330
ec:2.7.3.2,path:ec00330
ec:2.7.3.3,path:map00330
ec:2.7.3.3,path:ec00330
ec:3.4.11.5,path:map00330
ec:3.4.11.5,path:ec00330
ec:3.4.13.18,path:map00330
ec:3.4.13.18,path:ec00330
ec:3.4.13.20,path:map00330
ec:3.4.13.20,path:ec00330
ec:3.5.1.4,path:map00330
ec:3.5.1.4,path:ec00330
ec:3.5.1.53,path:map00330
ec:3.5.1.53,path:ec00330
ec:3.5.1.59,path:map00330
ec:3.5.1.59,path:ec00330
ec:3.5.1.62,path:map00330
ec:3.5.1.62,path:ec00330
ec:3.5.1.63,path:map00330
ec:3.5.1.63,path:ec00330
ec:3.5.1.94,path:map00330
ec:3.5.1.94,path:ec00330
ec:3.5.1.96,path:map00330
ec:3.5.1.96,path:ec00330
ec:3.5.2.10,path:map00330
ec:3.5.2.10,path:ec00330
ec:3.5.2.14,path:map00330
ec:3.5.2.14,path:ec00330
ec:3.5.3.1,path:map00330
ec:3.5.3.1,path:ec00330
ec:3.5.3.11,path:map00330
ec:3.5.3.11,path:ec00330
ec:3.5.3.12,path:map00330
ec:3.5.3.12,path:ec00330
ec:3.5.3.23,path:map00330
ec:3.5.3.23,path:ec00330
ec:3.5.3.3,path:map00330
ec:3.5.3.3,path:ec00330
ec:3.5.3.7,path:map00330
ec:3.5.3.7,path:ec00330
ec:3.5.4.1,path:map00330
ec:3.5.4.1,path:ec00330
ec:3.5.4.21,path:map00330
ec:3.5.4.21,path:ec00330
ec:3.5.4.22,path:map00330
ec:3.5.4.22,path:ec00330
ec:4.1.1.17,path:map00330
ec:4.1.1.17,path:ec00330
ec:4.1.1.19,path:map00330
ec:4.1.1.19,path:ec00330
ec:4.1.1.50,path:map00330
ec:4.1.1.50,path:ec00330
ec:4.1.1.75,path:map00330
ec:4.1.1.75,path:ec00330
ec:4.1.1.96,path:map00330
ec:4.1.1.96,path:ec00330
ec:4.1.3.16,path:map00330
ec:4.1.3.16,path:ec00330
ec:4.2.1.171,path:map00330
ec:4.2.1.171,path:ec00330
ec:4.2.1.77,path:map00330
ec:4.2.1.77,path:ec00330
ec:4.3.1.12,path:map00330
ec:4.3.1.12,path:ec00330
ec:5.1.1.4,path:map00330
ec:5.1.1.4,path:ec00330
ec:5.1.1.8,path:map00330
ec:5.1.1.8,path:ec00330
ec:6.3.1.11,path:map00330
ec:6.3.1.11,path:ec00330
ec:6.3.2.11,path:map00330
ec:6.3.2.11,path:ec00330
ec:1.14.11.21,path:map00331
ec:1.14.11.21,path:ec00331
ec:2.5.1.66,path:map00331
ec:2.5.1.66,path:ec00331
ec:3.5.3.22,path:map00331
ec:3.5.3.22,path:ec00331
ec:6.3.3.4,path:map00331
ec:6.3.3.4,path:ec00331
ec:1.14.20.3,path:map00332
ec:1.14.20.3,path:ec00332
ec:1.2.1.41,path:map00332
ec:1.2.1.41,path:ec00332
ec:2.3.1.226,path:map00332
ec:2.3.1.226,path:ec00332
ec:2.7.2.11,path:map00332
ec:2.7.2.11,path:ec00332
ec:6.3.3.6,path:map00332
ec:6.3.3.6,path:ec00332
ec:1.3.8.14,path:map00333
ec:1.3.8.14,path:ec00333
ec:2.2.1.12,path:map00333
ec:2.2.1.12,path:ec00333
ec:1.1.1.23,path:map00340
ec:1.1.1.23,path:ec00340
ec:1.14.13.5,path:map00340
ec:1.14.13.5,path:ec00340
ec:1.14.99.50,path:map00340
ec:1.14.99.50,path:ec00340
ec:1.14.99.51,path:map00340
ec:1.14.99.51,path:ec00340
ec:1.2.1.3,path:map00340
ec:1.2.1.3,path:ec00340
ec:1.2.1.5,path:map00340
ec:1.2.1.5,path:ec00340
ec:1.3.99.33,path:map00340
ec:1.3.99.33,path:ec00340
ec:1.4.3.22,path:map00340
ec:1.4.3.22,path:ec00340
ec:1.4.3.4,path:map00340
ec:1.4.3.4,path:ec00340
ec:2.1.1.22,path:map00340
ec:2.1.1.22,path:ec00340
ec:2.1.1.44,path:map00340
ec:2.1.1.44,path:ec00340
ec:2.1.1.8,path:map00340
ec:2.1.1.8,path:ec00340
ec:2.1.2.5,path:map00340
ec:2.1.2.5,path:ec00340
ec:2.4.2.17,path:map00340
ec:2.4.2.17,path:ec00340
ec:2.6.1.38,path:map00340
ec:2.6.1.38,path:ec00340
ec:2.6.1.9,path:map00340
ec:2.6.1.9,path:ec00340
ec:3.1.3.15,path:map00340
ec:3.1.3.15,path:ec00340
ec:3.4.13.18,path:map00340
ec:3.4.13.18,path:ec00340
ec:3.4.13.20,path:map00340
ec:3.4.13.20,path:ec00340
ec:3.4.13.5,path:map00340
ec:3.4.13.5,path:ec00340
ec:3.5.1.118,path:map00340
ec:3.5.1.118,path:ec00340
ec:3.5.1.15,path:map00340
ec:3.5.1.15,path:ec00340
ec:3.5.1.68,path:map00340
ec:3.5.1.68,path:ec00340
ec:3.5.1.8,path:map00340
ec:3.5.1.8,path:ec00340
ec:3.5.2.7,path:map00340
ec:3.5.2.7,path:ec00340
ec:3.5.3.13,path:map00340
ec:3.5.3.13,path:ec00340
ec:3.5.3.5,path:map00340
ec:3.5.3.5,path:ec00340
ec:3.5.3.8,path:map00340
ec:3.5.3.8,path:ec00340
ec:3.5.4.19,path:map00340
ec:3.5.4.19,path:ec00340
ec:3.6.1.31,path:map00340
ec:3.6.1.31,path:ec00340
ec:4.1.1.22,path:map00340
ec:4.1.1.22,path:ec00340
ec:4.2.1.19,path:map00340
ec:4.2.1.19,path:ec00340
ec:4.2.1.49,path:map00340
ec:4.2.1.49,path:ec00340
ec:4.3.1.3,path:map00340
ec:4.3.1.3,path:ec00340
ec:4.4.1.36,path:map00340
ec:4.4.1.36,path:ec00340
ec:5.3.1.16,path:map00340
ec:5.3.1.16,path:ec00340
ec:6.3.2.11,path:map00340
ec:6.3.2.11,path:ec00340
ec:6.3.4.8,path:map00340
ec:6.3.4.8,path:ec00340
ec:1.1.1.1,path:map00350
ec:1.1.1.1,path:ec00350
ec:1.1.1.222,path:map00350
ec:1.1.1.222,path:ec00350
ec:1.1.1.237,path:map00350
ec:1.1.1.237,path:ec00350
ec:1.1.1.312,path:map00350
ec:1.1.1.312,path:ec00350
ec:1.1.1.90,path:map00350
ec:1.1.1.90,path:ec00350
ec:1.10.3.1,path:map00350
ec:1.10.3.1,path:ec00350
ec:1.11.1.8,path:map00350
ec:1.11.1.8,path:ec00350
ec:1.13.11.15,path:map00350
ec:1.13.11.15,path:ec00350
ec:1.13.11.27,path:map00350
ec:1.13.11.27,path:ec00350
ec:1.13.11.29,path:map00350
ec:1.13.11.29,path:ec00350
ec:1.13.11.30,path:map00350
ec:1.13.11.30,path:ec00350
ec:1.13.11.4,path:map00350
ec:1.13.11.4,path:ec00350
ec:1.13.11.5,path:map00350
ec:1.13.11.5,path:ec00350
ec:1.13.12.15,path:map00350
ec:1.13.12.15,path:ec00350
ec:1.14.12.9,path:map00350
ec:1.14.12.9,path:ec00350
ec:1.14.13.18,path:map00350
ec:1.14.13.18,path:ec00350
ec:1.14.14.9,path:map00350
ec:1.14.14.9,path:ec00350
ec:1.14.16.2,path:map00350
ec:1.14.16.2,path:ec00350
ec:1.14.17.1,path:map00350
ec:1.14.17.1,path:ec00350
ec:1.14.18.1,path:map00350
ec:1.14.18.1,path:ec00350
ec:1.2.1.16,path:map00350
ec:1.2.1.16,path:ec00350
ec:1.2.1.29,path:map00350
ec:1.2.1.29,path:ec00350
ec:1.2.1.5,path:map00350
ec:1.2.1.5,path:ec00350
ec:1.2.1.53,path:map00350
ec:1.2.1.53,path:ec00350
ec:1.2.1.60,path:map00350
ec:1.2.1.60,path:ec00350
ec:1.2.3.1,path:map00350
ec:1.2.3.1,path:ec00350
ec:1.2.3.13,path:map00350
ec:1.2.3.13,path:ec00350
ec:1.4.1.20,path:map00350
ec:1.4.1.20,path:ec00350
ec:1.4.3.2,path:map00350
ec:1.4.3.2,path:ec00350
ec:1.4.3.21,path:map00350
ec:1.4.3.21,path:ec00350
ec:1.4.3.4,path:map00350
ec:1.4.3.4,path:ec00350
ec:1.4.9.2,path:map00350
ec:1.4.9.2,path:ec00350
ec:2.1.1.27,path:map00350
ec:2.1.1.27,path:ec00350
ec:2.1.1.28,path:map00350
ec:2.1.1.28,path:ec00350
ec:2.1.1.6,path:map00350
ec:2.1.1.6,path:ec00350
ec:2.3.1.14,path:map00350
ec:2.3.1.14,path:ec00350
ec:2.3.1.140,path:map00350
ec:2.3.1.140,path:ec00350
ec:2.6.1.1,path:map00350
ec:2.6.1.1,path:ec00350
ec:2.6.1.49,path:map00350
ec:2.6.1.49,path:ec00350
ec:2.6.1.5,path:map00350
ec:2.6.1.5,path:ec00350
ec:2.6.1.57,path:map00350
ec:2.6.1.57,path:ec00350
ec:2.6.1.58,path:map00350
ec:2.6.1.58,path:ec00350
ec:2.6.1.9,path:map00350
ec:2.6.1.9,path:ec00350
ec:3.7.1.2,path:map00350
ec:3.7.1.2,path:ec00350
ec:3.7.1.20,path:map00350
ec:3.7.1.20,path:ec00350
ec:3.7.1.23,path:map00350
ec:3.7.1.23,path:ec00350
ec:3.7.1.5,path:map00350
ec:3.7.1.5,path:ec00350
ec:4.1.1.107,path:map00350
ec:4.1.1.107,path:ec00350
ec:4.1.1.108,path:map00350
ec:4.1.1.108,path:ec00350
ec:4.1.1.25,path:map00350
ec:4.1.1.25,path:ec00350
ec:4.1.1.28,path:map00350
ec:4.1.1.28,path:ec00350
ec:4.1.1.62,path:map00350
ec:4.1.1.62,path:ec00350
ec:4.1.1.68,path:map00350
ec:4.1.1.68,path:ec00350
ec:4.1.1.80,path:map00350
ec:4.1.1.80,path:ec00350
ec:4.1.2.52,path:map00350
ec:4.1.2.52,path:ec00350
ec:4.1.99.2,path:map00350
ec:4.1.99.2,path:ec00350
ec:4.3.1.22,path:map00350
ec:4.3.1.22,path:ec00350
ec:4.3.1.23,path:map00350
ec:4.3.1.23,path:ec00350
ec:5.2.1.2,path:map00350
ec:5.2.1.2,path:ec00350
ec:5.2.1.4,path:map00350
ec:5.2.1.4,path:ec00350
ec:5.3.2.1,path:map00350
ec:5.3.2.1,path:ec00350
ec:5.3.3.10,path:map00350
ec:5.3.3.10,path:ec00350
ec:5.3.3.12,path:map00350
ec:5.3.3.12,path:ec00350
ec:5.4.3.6,path:map00350
ec:5.4.3.6,path:ec00350
ec:4.5.1.1,path:map00351
ec:4.5.1.1,path:ec00351
ec:1.1.1.157,path:map00360
ec:1.1.1.157,path:ec00360
ec:1.1.1.222,path:map00360
ec:1.1.1.222,path:ec00360
ec:1.1.1.237,path:map00360
ec:1.1.1.237,path:ec00360
ec:1.1.1.90,path:map00360
ec:1.1.1.90,path:ec00360
ec:1.11.1.21,path:map00360
ec:1.11.1.21,path:ec00360
ec:1.13.11.16,path:map00360
ec:1.13.11.16,path:ec00360
ec:1.13.11.27,path:map00360
ec:1.13.11.27,path:ec00360
ec:1.13.12.9,path:map00360
ec:1.13.12.9,path:ec00360
ec:1.14.12.19,path:map00360
ec:1.14.12.19,path:ec00360
ec:1.14.13.11,path:map00360
ec:1.14.13.11,path:ec00360
ec:1.14.13.127,path:map00360
ec:1.14.13.127,path:ec00360
ec:1.14.13.14,path:map00360
ec:1.14.13.14,path:ec00360
ec:1.14.13.149,path:map00360
ec:1.14.13.149,path:ec00360
ec:1.14.13.4,path:map00360
ec:1.14.13.4,path:ec00360
ec:1.14.14.54,path:map00360
ec:1.14.14.54,path:ec00360
ec:1.14.16.1,path:map00360
ec:1.14.16.1,path:ec00360
ec:1.17.5.1,path:map00360
ec:1.17.5.1,path:ec00360
ec:1.2.1.10,path:map00360
ec:1.2.1.10,path:ec00360
ec:1.2.1.39,path:map00360
ec:1.2.1.39,path:ec00360
ec:1.2.1.5,path:map00360
ec:1.2.1.5,path:ec00360
ec:1.2.1.58,path:map00360
ec:1.2.1.58,path:ec00360
ec:1.2.1.91,path:map00360
ec:1.2.1.91,path:ec00360
ec:1.3.1.11,path:map00360
ec:1.3.1.11,path:ec00360
ec:1.3.1.31,path:map00360
ec:1.3.1.31,path:ec00360
ec:1.3.1.87,path:map00360
ec:1.3.1.87,path:ec00360
ec:1.4.1.20,path:map00360
ec:1.4.1.20,path:ec00360
ec:1.4.3.2,path:map00360
ec:1.4.3.2,path:ec00360
ec:1.4.3.21,path:map00360
ec:1.4.3.21,path:ec00360
ec:1.4.3.4,path:map00360
ec:1.4.3.4,path:ec00360
ec:1.4.5.1,path:map00360
ec:1.4.5.1,path:ec00360
ec:1.4.9.2,path:map00360
ec:1.4.9.2,path:ec00360
ec:1.5.1.18,path:map00360
ec:1.5.1.18,path:ec00360
ec:2.1.1.104,path:map00360
ec:2.1.1.104,path:ec00360
ec:2.3.1.13,path:map00360
ec:2.3.1.13,path:ec00360
ec:2.3.1.14,path:map00360
ec:2.3.1.14,path:ec00360
ec:2.3.1.174,path:map00360
ec:2.3.1.174,path:ec00360
ec:2.3.1.192,path:map00360
ec:2.3.1.192,path:ec00360
ec:2.3.1.223,path:map00360
ec:2.3.1.223,path:ec00360
ec:2.3.1.36,path:map00360
ec:2.3.1.36,path:ec00360
ec:2.3.1.53,path:map00360
ec:2.3.1.53,path:ec00360
ec:2.3.1.71,path:map00360
ec:2.3.1.71,path:ec00360
ec:2.6.1.1,path:map00360
ec:2.6.1.1,path:ec00360
ec:2.6.1.21,path:map00360
ec:2.6.1.21,path:ec00360
ec:2.6.1.5,path:map00360
ec:2.6.1.5,path:ec00360
ec:2.6.1.57,path:map00360
ec:2.6.1.57,path:ec00360
ec:2.6.1.58,path:map00360
ec:2.6.1.58,path:ec00360
ec:2.6.1.9,path:map00360
ec:2.6.1.9,path:ec00360
ec:3.1.2.25,path:map00360
ec:3.1.2.25,path:ec00360
ec:3.3.2.12,path:map00360
ec:3.3.2.12,path:ec00360
ec:3.5.1.32,path:map00360
ec:3.5.1.32,path:ec00360
ec:3.5.1.4,path:map00360
ec:3.5.1.4,path:ec00360
ec:3.7.1.14,path:map00360
ec:3.7.1.14,path:ec00360
ec:4.1.1.109,path:map00360
ec:4.1.1.109,path:ec00360
ec:4.1.1.28,path:map00360
ec:4.1.1.28,path:ec00360
ec:4.1.1.43,path:map00360
ec:4.1.1.43,path:ec00360
ec:4.1.1.53,path:map00360
ec:4.1.1.53,path:ec00360
ec:4.1.2.41,path:map00360
ec:4.1.2.41,path:ec00360
ec:4.1.3.39,path:map00360
ec:4.1.3.39,path:ec00360
ec:4.2.1.101,path:map00360
ec:4.2.1.101,path:ec00360
ec:4.2.1.17,path:map00360
ec:4.2.1.17,path:ec00360
ec:4.2.1.80,path:map00360
ec:4.2.1.80,path:ec00360
ec:4.3.1.24,path:map00360
ec:4.3.1.24,path:ec00360
ec:4.3.1.25,path:map00360
ec:4.3.1.25,path:ec00360
ec:5.1.1.11,path:map00360
ec:5.1.1.11,path:ec00360
ec:5.3.2.1,path:map00360
ec:5.3.2.1,path:ec00360
ec:5.3.3.18,path:map00360
ec:5.3.3.18,path:ec00360
ec:6.2.1.12,path:map00360
ec:6.2.1.12,path:ec00360
ec:6.2.1.30,path:map00360
ec:6.2.1.30,path:ec00360
ec:1.1.1.404,path:map00361
ec:1.1.1.404,path:ec00361
ec:1.13.11.1,path:map00361
ec:1.13.11.1,path:ec00361
ec:1.13.11.2,path:map00361
ec:1.13.11.2,path:ec00361
ec:1.13.11.37,path:map00361
ec:1.13.11.37,path:ec00361
ec:1.13.11.39,path:map00361
ec:1.13.11.39,path:ec00361
ec:1.13.11.66,path:map00361
ec:1.13.11.66,path:ec00361
ec:1.14.12.3,path:map00361
ec:1.14.12.3,path:ec00361
ec:1.14.13.20,path:map00361
ec:1.14.13.20,path:ec00361
ec:1.14.13.50,path:map00361
ec:1.14.13.50,path:ec00361
ec:1.2.1.61,path:map00361
ec:1.2.1.61,path:ec00361
ec:1.3.1.19,path:map00361
ec:1.3.1.19,path:ec00361
ec:1.3.1.32,path:map00361
ec:1.3.1.32,path:ec00361
ec:1.6.5.7,path:map00361
ec:1.6.5.7,path:ec00361
ec:3.1.1.45,path:map00361
ec:3.1.1.45,path:ec00361
ec:3.8.1.2,path:map00361
ec:3.8.1.2,path:ec00361
ec:3.8.1.3,path:map00361
ec:3.8.1.3,path:ec00361
ec:3.8.1.5,path:map00361
ec:3.8.1.5,path:ec00361
ec:5.2.1.10,path:map00361
ec:5.2.1.10,path:ec00361
ec:5.5.1.1,path:map00361
ec:5.5.1.1,path:ec00361
ec:5.5.1.11,path:map00361
ec:5.5.1.11,path:ec00361
ec:5.5.1.7,path:map00361
ec:5.5.1.7,path:ec00361
ec:1.1.1.157,path:map00362
ec:1.1.1.157,path:ec00362
ec:1.1.1.259,path:map00362
ec:1.1.1.259,path:ec00362
ec:1.1.1.312,path:map00362
ec:1.1.1.312,path:ec00362
ec:1.1.1.35,path:map00362
ec:1.1.1.35,path:ec00362
ec:1.1.1.368,path:map00362
ec:1.1.1.368,path:ec00362
ec:1.13.11.1,path:map00362
ec:1.13.11.1,path:ec00362
ec:1.13.11.14,path:map00362
ec:1.13.11.14,path:ec00362
ec:1.13.11.2,path:map00362
ec:1.13.11.2,path:ec00362
ec:1.13.11.3,path:map00362
ec:1.13.11.3,path:ec00362
ec:1.13.11.37,path:map00362
ec:1.13.11.37,path:ec00362
ec:1.13.11.8,path:map00362
ec:1.13.11.8,path:ec00362
ec:1.14.12.10,path:map00362
ec:1.14.12.10,path:ec00362
ec:1.14.12.14,path:map00362
ec:1.14.12.14,path:ec00362
ec:1.14.12.3,path:map00362
ec:1.14.12.3,path:ec00362
ec:1.14.13.12,path:map00362
ec:1.14.13.12,path:ec00362
ec:1.14.13.2,path:map00362
ec:1.14.13.2,path:ec00362
ec:1.14.13.208,path:map00362
ec:1.14.13.208,path:ec00362
ec:1.14.13.219,path:map00362
ec:1.14.13.219,path:ec00362
ec:1.14.13.220,path:map00362
ec:1.14.13.220,path:ec00362
ec:1.14.13.23,path:map00362
ec:1.14.13.23,path:ec00362
ec:1.14.13.24,path:map00362
ec:1.14.13.24,path:ec00362
ec:1.14.13.33,path:map00362
ec:1.14.13.33,path:ec00362
ec:1.14.13.64,path:map00362
ec:1.14.13.64,path:ec00362
ec:1.14.14.27,path:map00362
ec:1.14.14.27,path:ec00362
ec:1.14.99.15,path:map00362
ec:1.14.99.15,path:ec00362
ec:1.14.99.23,path:map00362
ec:1.14.99.23,path:ec00362
ec:1.2.1.10,path:map00362
ec:1.2.1.10,path:ec00362
ec:1.2.1.77,path:map00362
ec:1.2.1.77,path:ec00362
ec:1.2.1.85,path:map00362
ec:1.2.1.85,path:ec00362
ec:1.3.1.19,path:map00362
ec:1.3.1.19,path:ec00362
ec:1.3.1.25,path:map00362
ec:1.3.1.25,path:ec00362
ec:1.3.1.32,path:map00362
ec:1.3.1.32,path:ec00362
ec:1.3.1.62,path:map00362
ec:1.3.1.62,path:ec00362
ec:1.3.7.8,path:map00362
ec:1.3.7.8,path:ec00362
ec:1.3.7.9,path:map00362
ec:1.3.7.9,path:ec00362
ec:1.3.8.10,path:map00362
ec:1.3.8.10,path:ec00362
ec:1.3.8.11,path:map00362
ec:1.3.8.11,path:ec00362
ec:1.3.8.6,path:map00362
ec:1.3.8.6,path:ec00362
ec:1.3.99.32,path:map00362
ec:1.3.99.32,path:ec00362
ec:2.3.1.16,path:map00362
ec:2.3.1.16,path:ec00362
ec:2.3.1.174,path:map00362
ec:2.3.1.174,path:ec00362
ec:2.3.1.9,path:map00362
ec:2.3.1.9,path:ec00362
ec:2.8.3.6,path:map00362
ec:2.8.3.6,path:ec00362
ec:3.1.1.24,path:map00362
ec:3.1.1.24,path:ec00362
ec:3.1.1.57,path:map00362
ec:3.1.1.57,path:ec00362
ec:3.1.2.23,path:map00362
ec:3.1.2.23,path:ec00362
ec:3.7.1.21,path:map00362
ec:3.7.1.21,path:ec00362
ec:3.7.1.9,path:map00362
ec:3.7.1.9,path:ec00362
ec:4.1.1.103,path:map00362
ec:4.1.1.103,path:ec00362
ec:4.1.1.44,path:map00362
ec:4.1.1.44,path:ec00362
ec:4.1.1.46,path:map00362
ec:4.1.1.46,path:ec00362
ec:4.1.1.63,path:map00362
ec:4.1.1.63,path:ec00362
ec:4.1.1.70,path:map00362
ec:4.1.1.70,path:ec00362
ec:4.1.1.77,path:map00362
ec:4.1.1.77,path:ec00362
ec:4.1.2.44,path:map00362
ec:4.1.2.44,path:ec00362
ec:4.1.3.17,path:map00362
ec:4.1.3.17,path:ec00362
ec:4.1.3.39,path:map00362
ec:4.1.3.39,path:ec00362
ec:4.2.1.100,path:map00362
ec:4.2.1.100,path:ec00362
ec:4.2.1.17,path:map00362
ec:4.2.1.17,path:ec00362
ec:4.2.1.80,path:map00362
ec:4.2.1.80,path:ec00362
ec:4.2.1.83,path:map00362
ec:4.2.1.83,path:ec00362
ec:5.3.2.6,path:map00362
ec:5.3.2.6,path:ec00362
ec:5.3.2.8,path:map00362
ec:5.3.2.8,path:ec00362
ec:5.3.3.4,path:map00362
ec:5.3.3.4,path:ec00362
ec:5.5.1.1,path:map00362
ec:5.5.1.1,path:ec00362
ec:5.5.1.2,path:map00362
ec:5.5.1.2,path:ec00362
ec:5.5.1.5,path:map00362
ec:5.5.1.5,path:ec00362
ec:6.2.1.25,path:map00362
ec:6.2.1.25,path:ec00362
ec:6.2.1.27,path:map00362
ec:6.2.1.27,path:ec00362
ec:1.13.11.41,path:map00363
ec:1.13.11.41,path:ec00363
ec:1.14.13.84,path:map00363
ec:1.14.13.84,path:ec00363
ec:3.1.1.2,path:map00363
ec:3.1.1.2,path:ec00363
ec:1.13.11.1,path:map00364
ec:1.13.11.1,path:ec00364
ec:1.14.12.10,path:map00364
ec:1.14.12.10,path:ec00364
ec:1.14.12.13,path:map00364
ec:1.14.12.13,path:ec00364
ec:1.14.13.50,path:map00364
ec:1.14.13.50,path:ec00364
ec:1.21.1.2,path:map00364
ec:1.21.1.2,path:ec00364
ec:1.3.1.25,path:map00364
ec:1.3.1.25,path:ec00364
ec:1.3.1.32,path:map00364
ec:1.3.1.32,path:ec00364
ec:3.1.1.45,path:map00364
ec:3.1.1.45,path:ec00364
ec:3.5.5.6,path:map00364
ec:3.5.5.6,path:ec00364
ec:3.8.1.7,path:map00364
ec:3.8.1.7,path:ec00364
ec:4.2.1.84,path:map00364
ec:4.2.1.84,path:ec00364
ec:5.5.1.1,path:map00364
ec:5.5.1.1,path:ec00364
ec:5.5.1.7,path:map00364
ec:5.5.1.7,path:ec00364
ec:6.2.1.33,path:map00364
ec:6.2.1.33,path:ec00364
ec:1.1.3.47,path:map00365
ec:1.1.3.47,path:ec00365
ec:1.3.99.8,path:map00365
ec:1.3.99.8,path:ec00365
ec:6.2.1.31,path:map00365
ec:6.2.1.31,path:ec00365
ec:1.1.1.110,path:map00380
ec:1.1.1.110,path:ec00380
ec:1.1.1.190,path:map00380
ec:1.1.1.190,path:ec00380
ec:1.1.1.191,path:map00380
ec:1.1.1.191,path:ec00380
ec:1.1.1.35,path:map00380
ec:1.1.1.35,path:ec00380
ec:1.10.3.4,path:map00380
ec:1.10.3.4,path:ec00380
ec:1.11.1.21,path:map00380
ec:1.11.1.21,path:ec00380
ec:1.11.1.6,path:map00380
ec:1.11.1.6,path:ec00380
ec:1.13.11.10,path:map00380
ec:1.13.11.10,path:ec00380
ec:1.13.11.11,path:map00380
ec:1.13.11.11,path:ec00380
ec:1.13.11.17,path:map00380
ec:1.13.11.17,path:ec00380
ec:1.13.11.23,path:map00380
ec:1.13.11.23,path:ec00380
ec:1.13.11.52,path:map00380
ec:1.13.11.52,path:ec00380
ec:1.13.11.6,path:map00380
ec:1.13.11.6,path:ec00380
ec:1.13.12.3,path:map00380
ec:1.13.12.3,path:ec00380
ec:1.13.99.3,path:map00380
ec:1.13.99.3,path:ec00380
ec:1.14.13.125,path:map00380
ec:1.14.13.125,path:ec00380
ec:1.14.13.168,path:map00380
ec:1.14.13.168,path:ec00380
ec:1.14.13.9,path:map00380
ec:1.14.13.9,path:ec00380
ec:1.14.14.1,path:map00380
ec:1.14.14.1,path:ec00380
ec:1.14.14.45,path:map00380
ec:1.14.14.45,path:ec00380
ec:1.14.14.8,path:map00380
ec:1.14.14.8,path:ec00380
ec:1.14.16.3,path:map00380
ec:1.14.16.3,path:ec00380
ec:1.14.16.4,path:map00380
ec:1.14.16.4,path:ec00380
ec:1.14.99.2,path:map00380
ec:1.14.99.2,path:ec00380
ec:1.2.1.3,path:map00380
ec:1.2.1.3,path:ec00380
ec:1.2.1.32,path:map00380
ec:1.2.1.32,path:ec00380
ec:1.2.3.1,path:map00380
ec:1.2.3.1,path:ec00380
ec:1.2.3.7,path:map00380
ec:1.2.3.7,path:ec00380
ec:1.2.4.2,path:map00380
ec:1.2.4.2,path:ec00380
ec:1.3.1.18,path:map00380
ec:1.3.1.18,path:ec00380
ec:1.3.8.6,path:map00380
ec:1.3.8.6,path:ec00380
ec:1.4.3.2,path:map00380
ec:1.4.3.2,path:ec00380
ec:1.4.3.22,path:map00380
ec:1.4.3.22,path:ec00380
ec:1.4.3.4,path:map00380
ec:1.4.3.4,path:ec00380
ec:1.7.3.2,path:map00380
ec:1.7.3.2,path:ec00380
ec:2.1.1.4,path:map00380
ec:2.1.1.4,path:ec00380
ec:2.1.1.47,path:map00380
ec:2.1.1.47,path:ec00380
ec:2.1.1.49,path:map00380
ec:2.1.1.49,path:ec00380
ec:2.3.1.87,path:map00380
ec:2.3.1.87,path:ec00380
ec:2.3.1.9,path:map00380
ec:2.3.1.9,path:ec00380
ec:2.4.1.195,path:map00380
ec:2.4.1.195,path:ec00380
ec:2.6.1.27,path:map00380
ec:2.6.1.27,path:ec00380
ec:2.6.1.7,path:map00380
ec:2.6.1.7,path:ec00380
ec:2.6.1.99,path:map00380
ec:2.6.1.99,path:ec00380
ec:2.8.2.24,path:map00380
ec:2.8.2.24,path:ec00380
ec:3.2.1.147,path:map00380
ec:3.2.1.147,path:ec00380
ec:3.5.1.4,path:map00380
ec:3.5.1.4,path:ec00380
ec:3.5.1.9,path:map00380
ec:3.5.1.9,path:ec00380
ec:3.5.5.1,path:map00380
ec:3.5.5.1,path:ec00380
ec:3.5.99.5,path:map00380
ec:3.5.99.5,path:ec00380
ec:3.7.1.3,path:map00380
ec:3.7.1.3,path:ec00380
ec:4.1.1.105,path:map00380
ec:4.1.1.105,path:ec00380
ec:4.1.1.28,path:map00380
ec:4.1.1.28,path:ec00380
ec:4.1.1.43,path:map00380
ec:4.1.1.43,path:ec00380
ec:4.1.1.45,path:map00380
ec:4.1.1.45,path:ec00380
ec:4.1.1.74,path:map00380
ec:4.1.1.74,path:ec00380
ec:4.1.99.1,path:map00380
ec:4.1.99.1,path:ec00380
ec:4.2.1.17,path:map00380
ec:4.2.1.17,path:ec00380
ec:4.2.1.84,path:map00380
ec:4.2.1.84,path:ec00380
ec:4.99.1.6,path:map00380
ec:4.99.1.6,path:ec00380
ec:1.1.1.24,path:map00400
ec:1.1.1.24,path:ec00400
ec:1.1.1.25,path:map00400
ec:1.1.1.25,path:ec00400
ec:1.1.1.282,path:map00400
ec:1.1.1.282,path:ec00400
ec:1.1.5.8,path:map00400
ec:1.1.5.8,path:ec00400
ec:1.14.16.1,path:map00400
ec:1.14.16.1,path:ec00400
ec:1.3.1.12,path:map00400
ec:1.3.1.12,path:ec00400
ec:1.3.1.13,path:map00400
ec:1.3.1.13,path:ec00400
ec:1.3.1.43,path:map00400
ec:1.3.1.43,path:ec00400
ec:1.3.1.78,path:map00400
ec:1.3.1.78,path:ec00400
ec:1.3.1.79,path:map00400
ec:1.3.1.79,path:ec00400
ec:1.4.1.20,path:map00400
ec:1.4.1.20,path:ec00400
ec:1.4.1.24,path:map00400
ec:1.4.1.24,path:ec00400
ec:1.4.3.2,path:map00400
ec:1.4.3.2,path:ec00400
ec:2.2.1.10,path:map00400
ec:2.2.1.10,path:ec00400
ec:2.2.1.11,path:map00400
ec:2.2.1.11,path:ec00400
ec:2.4.2.18,path:map00400
ec:2.4.2.18,path:ec00400
ec:2.5.1.19,path:map00400
ec:2.5.1.19,path:ec00400
ec:2.5.1.54,path:map00400
ec:2.5.1.54,path:ec00400
ec:2.6.1.1,path:map00400
ec:2.6.1.1,path:ec00400
ec:2.6.1.5,path:map00400
ec:2.6.1.5,path:ec00400
ec:2.6.1.57,path:map00400
ec:2.6.1.57,path:ec00400
ec:2.6.1.58,path:map00400
ec:2.6.1.58,path:ec00400
ec:2.6.1.78,path:map00400
ec:2.6.1.78,path:ec00400
ec:2.6.1.79,path:map00400
ec:2.6.1.79,path:ec00400
ec:2.6.1.9,path:map00400
ec:2.6.1.9,path:ec00400
ec:2.7.1.71,path:map00400
ec:2.7.1.71,path:ec00400
ec:3.3.2.13,path:map00400
ec:3.3.2.13,path:ec00400
ec:4.1.1.48,path:map00400
ec:4.1.1.48,path:ec00400
ec:4.1.3.27,path:map00400
ec:4.1.3.27,path:ec00400
ec:4.1.3.45,path:map00400
ec:4.1.3.45,path:ec00400
ec:4.2.1.10,path:map00400
ec:4.2.1.10,path:ec00400
ec:4.2.1.118,path:map00400
ec:4.2.1.118,path:ec00400
ec:4.2.1.20,path:map00400
ec:4.2.1.20,path:ec00400
ec:4.2.1.51,path:map00400
ec:4.2.1.51,path:ec00400
ec:4.2.1.91,path:map00400
ec:4.2.1.91,path:ec00400
ec:4.2.3.4,path:map00400
ec:4.2.3.4,path:ec00400
ec:4.2.3.5,path:map00400
ec:4.2.3.5,path:ec00400
ec:5.3.1.24,path:map00400
ec:5.3.1.24,path:ec00400
ec:5.4.99.5,path:map00400
ec:5.4.99.5,path:ec00400
ec:1.13.11.83,path:map00401
ec:1.13.11.83,path:ec00401
ec:1.13.12.23,path:map00401
ec:1.13.12.23,path:ec00401
ec:1.3.1.12,path:map00401
ec:1.3.1.12,path:ec00401
ec:1.3.1.43,path:map00401
ec:1.3.1.43,path:ec00401
ec:2.1.1.284,path:map00401
ec:2.1.1.284,path:ec00401
ec:2.1.1.285,path:map00401
ec:2.1.1.285,path:ec00401
ec:2.1.3.12,path:map00401
ec:2.1.3.12,path:ec00401
ec:2.4.1.302,path:map00401
ec:2.4.1.302,path:ec00401
ec:2.5.1.111,path:map00401
ec:2.5.1.111,path:ec00401
ec:2.6.1.1,path:map00401
ec:2.6.1.1,path:ec00401
ec:2.6.1.5,path:map00401
ec:2.6.1.5,path:ec00401
ec:2.6.1.57,path:map00401
ec:2.6.1.57,path:ec00401
ec:2.6.1.9,path:map00401
ec:2.6.1.9,path:ec00401
ec:6.3.1.15,path:map00401
ec:6.3.1.15,path:ec00401
ec:1.14.13.137,path:map00402
ec:1.14.13.137,path:ec00402
ec:1.14.13.138,path:map00402
ec:1.14.13.138,path:ec00402
ec:1.14.13.139,path:map00402
ec:1.14.13.139,path:ec00402
ec:1.14.13.140,path:map00402
ec:1.14.13.140,path:ec00402
ec:1.14.20.2,path:map00402
ec:1.14.20.2,path:ec00402
ec:2.1.1.241,path:map00402
ec:2.1.1.241,path:ec00402
ec:2.4.1.202,path:map00402
ec:2.4.1.202,path:ec00402
ec:4.1.2.8,path:map00402
ec:4.1.2.8,path:ec00402
ec:1.13.12.17,path:map00404
ec:1.13.12.17,path:ec00404
ec:1.14.11.38,path:map00404
ec:1.14.11.38,path:ec00404
ec:1.14.13.176,path:map00404
ec:1.14.13.176,path:ec00404
ec:1.14.13.177,path:map00404
ec:1.14.13.177,path:ec00404
ec:1.14.13.217,path:map00404
ec:1.14.13.217,path:ec00404
ec:1.14.13.224,path:map00404
ec:1.14.13.224,path:ec00404
ec:1.14.19.9,path:map00404
ec:1.14.19.9,path:ec00404
ec:1.14.21.10,path:map00404
ec:1.14.21.10,path:ec00404
ec:1.21.98.2,path:map00404
ec:1.21.98.2,path:ec00404
ec:1.4.3.23,path:map00404
ec:1.4.3.23,path:ec00404
ec:2.1.1.139,path:map00404
ec:2.1.1.139,path:ec00404
ec:2.1.1.164,path:map00404
ec:2.1.1.164,path:ec00404
ec:2.1.1.293,path:map00404
ec:2.1.1.293,path:ec00404
ec:2.5.1.106,path:map00404
ec:2.5.1.106,path:ec00404
ec:2.5.1.107,path:map00404
ec:2.5.1.107,path:ec00404
ec:2.5.1.110,path:map00404
ec:2.5.1.110,path:ec00404
ec:4.3.3.5,path:map00404
ec:4.3.3.5,path:ec00404
ec:1.10.3.16,path:map00405
ec:1.10.3.16,path:ec00405
ec:1.14.13.182,path:map00405
ec:1.14.13.182,path:ec00405
ec:1.14.13.218,path:map00405
ec:1.14.13.218,path:ec00405
ec:2.1.1.327,path:map00405
ec:2.1.1.327,path:ec00405
ec:2.3.1.230,path:map00405
ec:2.3.1.230,path:ec00405
ec:2.3.1.262,path:map00405
ec:2.3.1.262,path:ec00405
ec:2.5.1.121,path:map00405
ec:2.5.1.121,path:ec00405
ec:2.6.1.86,path:map00405
ec:2.6.1.86,path:ec00405
ec:3.1.2.32,path:map00405
ec:3.1.2.32,path:ec00405
ec:3.3.2.15,path:map00405
ec:3.3.2.15,path:ec00405
ec:4.1.3.27,path:map00405
ec:4.1.3.27,path:ec00405
ec:5.3.3.17,path:map00405
ec:5.3.3.17,path:ec00405
ec:6.2.1.32,path:map00405
ec:6.2.1.32,path:ec00405
ec:1.1.1.59,path:map00410
ec:1.1.1.59,path:ec00410
ec:1.2.1.15,path:map00410
ec:1.2.1.15,path:ec00410
ec:1.2.1.18,path:map00410
ec:1.2.1.18,path:ec00410
ec:1.2.1.19,path:map00410
ec:1.2.1.19,path:ec00410
ec:1.2.1.3,path:map00410
ec:1.2.1.3,path:ec00410
ec:1.2.1.5,path:map00410
ec:1.2.1.5,path:ec00410
ec:1.3.1.1,path:map00410
ec:1.3.1.1,path:ec00410
ec:1.3.1.2,path:map00410
ec:1.3.1.2,path:ec00410
ec:1.3.8.7,path:map00410
ec:1.3.8.7,path:ec00410
ec:1.4.3.21,path:map00410
ec:1.4.3.21,path:ec00410
ec:1.5.3.14,path:map00410
ec:1.5.3.14,path:ec00410
ec:1.5.3.16,path:map00410
ec:1.5.3.16,path:ec00410
ec:1.5.3.17,path:map00410
ec:1.5.3.17,path:ec00410
ec:1.5.99.6,path:map00410
ec:1.5.99.6,path:ec00410
ec:2.5.1.16,path:map00410
ec:2.5.1.16,path:ec00410
ec:2.5.1.22,path:map00410
ec:2.5.1.22,path:ec00410
ec:2.6.1.18,path:map00410
ec:2.6.1.18,path:ec00410
ec:2.6.1.19,path:map00410
ec:2.6.1.19,path:ec00410
ec:2.6.1.55,path:map00410
ec:2.6.1.55,path:ec00410
ec:2.8.3.3,path:map00410
ec:2.8.3.3,path:ec00410
ec:3.1.2.4,path:map00410
ec:3.1.2.4,path:ec00410
ec:3.4.13.18,path:map00410
ec:3.4.13.18,path:ec00410
ec:3.4.13.20,path:map00410
ec:3.4.13.20,path:ec00410
ec:3.4.13.4,path:map00410
ec:3.4.13.4,path:ec00410
ec:3.4.13.5,path:map00410
ec:3.4.13.5,path:ec00410
ec:3.5.1.21,path:map00410
ec:3.5.1.21,path:ec00410
ec:3.5.1.6,path:map00410
ec:3.5.1.6,path:ec00410
ec:3.5.2.2,path:map00410
ec:3.5.2.2,path:ec00410
ec:4.1.1.11,path:map00410
ec:4.1.1.11,path:ec00410
ec:4.1.1.15,path:map00410
ec:4.1.1.15,path:ec00410
ec:4.1.1.9,path:map00410
ec:4.1.1.9,path:ec00410
ec:4.2.1.17,path:map00410
ec:4.2.1.17,path:ec00410
ec:4.2.1.27,path:map00410
ec:4.2.1.27,path:ec00410
ec:4.3.1.6,path:map00410
ec:4.3.1.6,path:ec00410
ec:6.3.2.1,path:map00410
ec:6.3.2.1,path:ec00410
ec:6.3.2.11,path:map00410
ec:6.3.2.11,path:ec00410
ec:6.3.2.36,path:map00410
ec:6.3.2.36,path:ec00410
ec:1.1.1.313,path:map00430
ec:1.1.1.313,path:ec00430
ec:1.13.11.19,path:map00430
ec:1.13.11.19,path:ec00430
ec:1.13.11.20,path:map00430
ec:1.13.11.20,path:ec00430
ec:1.14.11.17,path:map00430
ec:1.14.11.17,path:ec00430
ec:1.2.1.73,path:map00430
ec:1.2.1.73,path:ec00430
ec:1.4.1.1,path:map00430
ec:1.4.1.1,path:ec00430
ec:1.4.1.2,path:map00430
ec:1.4.1.2,path:ec00430
ec:1.8.1.3,path:map00430
ec:1.8.1.3,path:ec00430
ec:2.3.1.65,path:map00430
ec:2.3.1.65,path:ec00430
ec:2.3.1.8,path:map00430
ec:2.3.1.8,path:ec00430
ec:2.3.2.2,path:map00430
ec:2.3.2.2,path:ec00430
ec:2.3.3.15,path:map00430
ec:2.3.3.15,path:ec00430
ec:2.6.1.55,path:map00430
ec:2.6.1.55,path:ec00430
ec:2.6.1.77,path:map00430
ec:2.6.1.77,path:ec00430
ec:2.7.2.1,path:map00430
ec:2.7.2.1,path:ec00430
ec:2.7.3.4,path:map00430
ec:2.7.3.4,path:ec00430
ec:4.1.1.15,path:map00430
ec:4.1.1.15,path:ec00430
ec:4.1.1.29,path:map00430
ec:4.1.1.29,path:ec00430
ec:4.4.1.10,path:map00430
ec:4.4.1.10,path:ec00430
ec:1.1.1.309,path:map00440
ec:1.1.1.309,path:ec00440
ec:1.11.1.23,path:map00440
ec:1.11.1.23,path:ec00440
ec:1.13.11.72,path:map00440
ec:1.13.11.72,path:ec00440
ec:1.13.11.73,path:map00440
ec:1.13.11.73,path:ec00440
ec:1.13.11.78,path:map00440
ec:1.13.11.78,path:ec00440
ec:1.14.11.46,path:map00440
ec:1.14.11.46,path:ec00440
ec:2.1.1.308,path:map00440
ec:2.1.1.308,path:ec00440
ec:2.1.1.326,path:map00440
ec:2.1.1.326,path:ec00440
ec:2.3.1.183,path:map00440
ec:2.3.1.183,path:ec00440
ec:2.3.3.18,path:map00440
ec:2.3.3.18,path:ec00440
ec:2.3.3.19,path:map00440
ec:2.3.3.19,path:ec00440
ec:2.6.1.37,path:map00440
ec:2.6.1.37,path:ec00440
ec:2.7.7.14,path:map00440
ec:2.7.7.14,path:ec00440
ec:2.7.7.15,path:map00440
ec:2.7.7.15,path:ec00440
ec:2.7.7.93,path:map00440
ec:2.7.7.93,path:ec00440
ec:2.7.8.1,path:map00440
ec:2.7.8.1,path:ec00440
ec:2.7.8.2,path:map00440
ec:2.7.8.2,path:ec00440
ec:2.7.8.23,path:map00440
ec:2.7.8.23,path:ec00440
ec:2.7.8.37,path:map00440
ec:2.7.8.37,path:ec00440
ec:3.1.4.55,path:map00440
ec:3.1.4.55,path:ec00440
ec:3.1.4.57,path:map00440
ec:3.1.4.57,path:ec00440
ec:3.11.1.1,path:map00440
ec:3.11.1.1,path:ec00440
ec:3.11.1.2,path:map00440
ec:3.11.1.2,path:ec00440
ec:3.11.1.3,path:map00440
ec:3.11.1.3,path:ec00440
ec:3.6.1.63,path:map00440
ec:3.6.1.63,path:ec00440
ec:4.1.1.82,path:map00440
ec:4.1.1.82,path:ec00440
ec:4.2.1.166,path:map00440
ec:4.2.1.166,path:ec00440
ec:4.7.1.1,path:map00440
ec:4.7.1.1,path:ec00440
ec:5.4.2.9,path:map00440
ec:5.4.2.9,path:ec00440
ec:1.8.1.9,path:map00450
ec:1.8.1.9,path:ec00450
ec:1.97.1.9,path:map00450
ec:1.97.1.9,path:ec00450
ec:2.1.1.12,path:map00450
ec:2.1.1.12,path:ec00450
ec:2.1.1.13,path:map00450
ec:2.1.1.13,path:ec00450
ec:2.1.1.14,path:map00450
ec:2.1.1.14,path:ec00450
ec:2.1.1.96,path:map00450
ec:2.1.1.96,path:ec00450
ec:2.5.1.48,path:map00450
ec:2.5.1.48,path:ec00450
ec:2.7.1.164,path:map00450
ec:2.7.1.164,path:ec00450
ec:2.7.7.4,path:map00450
ec:2.7.7.4,path:ec00450
ec:2.7.9.3,path:map00450
ec:2.7.9.3,path:ec00450
ec:2.9.1.1,path:map00450
ec:2.9.1.1,path:ec00450
ec:2.9.1.2,path:map00450
ec:2.9.1.2,path:ec00450
ec:4.4.1.1,path:map00450
ec:4.4.1.1,path:ec00450
ec:4.4.1.11,path:map00450
ec:4.4.1.11,path:ec00450
ec:4.4.1.13,path:map00450
ec:4.4.1.13,path:ec00450
ec:4.4.1.16,path:map00450
ec:4.4.1.16,path:ec00450
ec:4.4.1.8,path:map00450
ec:4.4.1.8,path:ec00450
ec:6.1.1.10,path:map00450
ec:6.1.1.10,path:ec00450
ec:1.14.13.39,path:map00460
ec:1.14.13.39,path:ec00460
ec:1.14.14.36,path:map00460
ec:1.14.14.36,path:ec00460
ec:1.14.14.37,path:map00460
ec:1.14.14.37,path:ec00460
ec:1.14.14.38,path:map00460
ec:1.14.14.38,path:ec00460
ec:1.14.14.39,path:map00460
ec:1.14.14.39,path:ec00460
ec:1.14.14.40,path:map00460
ec:1.14.14.40,path:ec00460
ec:1.14.14.41,path:map00460
ec:1.14.14.41,path:ec00460
ec:1.14.14.44,path:map00460
ec:1.14.14.44,path:ec00460
ec:1.4.99.5,path:map00460
ec:1.4.99.5,path:ec00460
ec:2.1.2.1,path:map00460
ec:2.1.2.1,path:ec00460
ec:2.3.2.2,path:map00460
ec:2.3.2.2,path:ec00460
ec:2.4.1.63,path:map00460
ec:2.4.1.63,path:ec00460
ec:2.4.1.85,path:map00460
ec:2.4.1.85,path:ec00460
ec:3.2.1.117,path:map00460
ec:3.2.1.117,path:ec00460
ec:3.2.1.118,path:map00460
ec:3.2.1.118,path:ec00460
ec:3.2.1.21,path:map00460
ec:3.2.1.21,path:ec00460
ec:3.5.1.1,path:map00460
ec:3.5.1.1,path:ec00460
ec:3.5.1.49,path:map00460
ec:3.5.1.49,path:ec00460
ec:3.5.5.1,path:map00460
ec:3.5.5.1,path:ec00460
ec:3.5.5.4,path:map00460
ec:3.5.5.4,path:ec00460
ec:4.1.2.10,path:map00460
ec:4.1.2.10,path:ec00460
ec:4.1.2.11,path:map00460
ec:4.1.2.11,path:ec00460
ec:4.1.2.46,path:map00460
ec:4.1.2.46,path:ec00460
ec:4.1.2.47,path:map00460
ec:4.1.2.47,path:ec00460
ec:4.2.1.65,path:map00460
ec:4.2.1.65,path:ec00460
ec:4.2.1.66,path:map00460
ec:4.2.1.66,path:ec00460
ec:4.4.1.9,path:map00460
ec:4.4.1.9,path:ec00460
ec:4.99.1.7,path:map00460
ec:4.99.1.7,path:ec00460
ec:6.3.1.1,path:map00460
ec:6.3.1.1,path:ec00460
ec:1.4.1.3,path:map00471
ec:1.4.1.3,path:ec00471
ec:1.4.3.15,path:map00471
ec:1.4.3.15,path:ec00471
ec:1.4.3.7,path:map00471
ec:1.4.3.7,path:ec00471
ec:2.3.2.1,path:map00471
ec:2.3.2.1,path:ec00471
ec:3.5.1.2,path:map00471
ec:3.5.1.2,path:ec00471
ec:3.5.1.35,path:map00471
ec:3.5.1.35,path:ec00471
ec:3.5.1.38,path:map00471
ec:3.5.1.38,path:ec00471
ec:4.2.1.48,path:map00471
ec:4.2.1.48,path:ec00471
ec:5.1.1.10,path:map00471
ec:5.1.1.10,path:ec00471
ec:5.1.1.3,path:map00471
ec:5.1.1.3,path:ec00471
ec:6.3.2.8,path:map00471
ec:6.3.2.8,path:ec00471
ec:6.3.2.9,path:map00471
ec:6.3.2.9,path:ec00471
ec:1.4.1.12,path:map00472
ec:1.4.1.12,path:ec00472
ec:1.4.1.25,path:map00472
ec:1.4.1.25,path:ec00472
ec:1.4.1.26,path:map00472
ec:1.4.1.26,path:ec00472
ec:1.4.3.3,path:map00472
ec:1.4.3.3,path:ec00472
ec:1.4.99.6,path:map00472
ec:1.4.99.6,path:ec00472
ec:2.6.1.21,path:map00472
ec:2.6.1.21,path:ec00472
ec:3.5.3.10,path:map00472
ec:3.5.3.10,path:ec00472
ec:5.1.1.10,path:map00472
ec:5.1.1.10,path:ec00472
ec:5.1.1.12,path:map00472
ec:5.1.1.12,path:ec00472
ec:5.1.1.9,path:map00472
ec:5.1.1.9,path:ec00472
ec:5.4.3.5,path:map00472
ec:5.4.3.5,path:ec00472
ec:2.6.1.21,path:map00473
ec:2.6.1.21,path:ec00473
ec:2.6.1.41,path:map00473
ec:2.6.1.41,path:ec00473
ec:5.1.1.1,path:map00473
ec:5.1.1.1,path:ec00473
ec:6.1.1.13,path:map00473
ec:6.1.1.13,path:ec00473
ec:6.3.2.16,path:map00473
ec:6.3.2.16,path:ec00473
ec:6.3.2.4,path:map00473
ec:6.3.2.4,path:ec00473
ec:1.1.1.42,path:map00480
ec:1.1.1.42,path:ec00480
ec:1.1.1.43,path:map00480
ec:1.1.1.43,path:ec00480
ec:1.1.1.44,path:map00480
ec:1.1.1.44,path:ec00480
ec:1.1.1.49,path:map00480
ec:1.1.1.49,path:ec00480
ec:1.11.1.11,path:map00480
ec:1.11.1.11,path:ec00480
ec:1.11.1.12,path:map00480
ec:1.11.1.12,path:ec00480
ec:1.11.1.15,path:map00480
ec:1.11.1.15,path:ec00480
ec:1.11.1.9,path:map00480
ec:1.11.1.9,path:ec00480
ec:1.17.4.1,path:map00480
ec:1.17.4.1,path:ec00480
ec:1.5.4.1,path:map00480
ec:1.5.4.1,path:ec00480
ec:1.8.1.12,path:map00480
ec:1.8.1.12,path:ec00480
ec:1.8.1.13,path:map00480
ec:1.8.1.13,path:ec00480
ec:1.8.1.7,path:map00480
ec:1.8.1.7,path:ec00480
ec:1.8.3.3,path:map00480
ec:1.8.3.3,path:ec00480
ec:1.8.4.1,path:map00480
ec:1.8.4.1,path:ec00480
ec:1.8.4.2,path:map00480
ec:1.8.4.2,path:ec00480
ec:1.8.4.3,path:map00480
ec:1.8.4.3,path:ec00480
ec:1.8.4.4,path:map00480
ec:1.8.4.4,path:ec00480
ec:1.8.4.7,path:map00480
ec:1.8.4.7,path:ec00480
ec:1.8.5.1,path:map00480
ec:1.8.5.1,path:ec00480
ec:2.3.1.80,path:map00480
ec:2.3.1.80,path:ec00480
ec:2.3.2.2,path:map00480
ec:2.3.2.2,path:ec00480
ec:2.5.1.16,path:map00480
ec:2.5.1.16,path:ec00480
ec:2.5.1.18,path:map00480
ec:2.5.1.18,path:ec00480
ec:2.5.1.22,path:map00480
ec:2.5.1.22,path:ec00480
ec:2.8.1.3,path:map00480
ec:2.8.1.3,path:ec00480
ec:3.4.11.1,path:map00480
ec:3.4.11.1,path:ec00480
ec:3.4.11.2,path:map00480
ec:3.4.11.2,path:ec00480
ec:3.4.11.23,path:map00480
ec:3.4.11.23,path:ec00480
ec:3.4.19.13,path:map00480
ec:3.4.19.13,path:ec00480
ec:3.5.1.78,path:map00480
ec:3.5.1.78,path:ec00480
ec:3.5.2.9,path:map00480
ec:3.5.2.9,path:ec00480
ec:4.1.1.17,path:map00480
ec:4.1.1.17,path:ec00480
ec:4.3.2.9,path:map00480
ec:4.3.2.9,path:ec00480
ec:6.3.1.8,path:map00480
ec:6.3.1.8,path:ec00480
ec:6.3.1.9,path:map00480
ec:6.3.1.9,path:ec00480
ec:6.3.2.2,path:map00480
ec:6.3.2.2,path:ec00480
ec:6.3.2.3,path:map00480
ec:6.3.2.3,path:ec00480
ec:1.1.99.13,path:map00500
ec:1.1.99.13,path:ec00500
ec:2.4.1.1,path:map00500
ec:2.4.1.1,path:ec00500
ec:2.4.1.10,path:map00500
ec:2.4.1.10,path:ec00500
ec:2.4.1.11,path:map00500
ec:2.4.1.11,path:ec00500
ec:2.4.1.12,path:map00500
ec:2.4.1.12,path:ec00500
ec:2.4.1.13,path:map00500
ec:2.4.1.13,path:ec00500
ec:2.4.1.14,path:map00500
ec:2.4.1.14,path:ec00500
ec:2.4.1.15,path:map00500
ec:2.4.1.15,path:ec00500
ec:2.4.1.18,path:map00500
ec:2.4.1.18,path:ec00500
ec:2.4.1.19,path:map00500
ec:2.4.1.19,path:ec00500
ec:2.4.1.20,path:map00500
ec:2.4.1.20,path:ec00500
ec:2.4.1.21,path:map00500
ec:2.4.1.21,path:ec00500
ec:2.4.1.242,path:map00500
ec:2.4.1.242,path:ec00500
ec:2.4.1.245,path:map00500
ec:2.4.1.245,path:ec00500
ec:2.4.1.25,path:map00500
ec:2.4.1.25,path:ec00500
ec:2.4.1.29,path:map00500
ec:2.4.1.29,path:ec00500
ec:2.4.1.34,path:map00500
ec:2.4.1.34,path:ec00500
ec:2.4.1.342,path:map00500
ec:2.4.1.342,path:ec00500
ec:2.4.1.35,path:map00500
ec:2.4.1.35,path:ec00500
ec:2.4.1.4,path:map00500
ec:2.4.1.4,path:ec00500
ec:2.4.1.5,path:map00500
ec:2.4.1.5,path:ec00500
ec:2.4.1.64,path:map00500
ec:2.4.1.64,path:ec00500
ec:2.4.1.7,path:map00500
ec:2.4.1.7,path:ec00500
ec:2.4.1.8,path:map00500
ec:2.4.1.8,path:ec00500
ec:2.4.1.9,path:map00500
ec:2.4.1.9,path:ec00500
ec:2.4.99.16,path:map00500
ec:2.4.99.16,path:ec00500
ec:2.7.1.1,path:map00500
ec:2.7.1.1,path:ec00500
ec:2.7.1.10,path:map00500
ec:2.7.1.10,path:ec00500
ec:2.7.1.106,path:map00500
ec:2.7.1.106,path:ec00500
ec:2.7.1.175,path:map00500
ec:2.7.1.175,path:ec00500
ec:2.7.1.2,path:map00500
ec:2.7.1.2,path:ec00500
ec:2.7.1.201,path:map00500
ec:2.7.1.201,path:ec00500
ec:2.7.1.205,path:map00500
ec:2.7.1.205,path:ec00500
ec:2.7.1.208,path:map00500
ec:2.7.1.208,path:ec00500
ec:2.7.1.211,path:map00500
ec:2.7.1.211,path:ec00500
ec:2.7.1.4,path:map00500
ec:2.7.1.4,path:ec00500
ec:2.7.1.41,path:map00500
ec:2.7.1.41,path:ec00500
ec:2.7.7.27,path:map00500
ec:2.7.7.27,path:ec00500
ec:2.7.7.33,path:map00500
ec:2.7.7.33,path:ec00500
ec:2.7.7.34,path:map00500
ec:2.7.7.34,path:ec00500
ec:2.7.7.9,path:map00500
ec:2.7.7.9,path:ec00500
ec:3.1.2.21,path:map00500
ec:3.1.2.21,path:ec00500
ec:3.1.3.12,path:map00500
ec:3.1.3.12,path:ec00500
ec:3.1.3.24,path:map00500
ec:3.1.3.24,path:ec00500
ec:3.1.3.9,path:map00500
ec:3.1.3.9,path:ec00500
ec:3.1.3.90,path:map00500
ec:3.1.3.90,path:ec00500
ec:3.2.1.1,path:map00500
ec:3.2.1.1,path:ec00500
ec:3.2.1.10,path:map00500
ec:3.2.1.10,path:ec00500
ec:3.2.1.11,path:map00500
ec:3.2.1.11,path:ec00500
ec:3.2.1.122,path:map00500
ec:3.2.1.122,path:ec00500
ec:3.2.1.133,path:map00500
ec:3.2.1.133,path:ec00500
ec:3.2.1.141,path:map00500
ec:3.2.1.141,path:ec00500
ec:3.2.1.2,path:map00500
ec:3.2.1.2,path:ec00500
ec:3.2.1.20,path:map00500
ec:3.2.1.20,path:ec00500
ec:3.2.1.21,path:map00500
ec:3.2.1.21,path:ec00500
ec:3.2.1.26,path:map00500
ec:3.2.1.26,path:ec00500
ec:3.2.1.28,path:map00500
ec:3.2.1.28,path:ec00500
ec:3.2.1.3,path:map00500
ec:3.2.1.3,path:ec00500
ec:3.2.1.39,path:map00500
ec:3.2.1.39,path:ec00500
ec:3.2.1.4,path:map00500
ec:3.2.1.4,path:ec00500
ec:3.2.1.48,path:map00500
ec:3.2.1.48,path:ec00500
ec:3.2.1.54,path:map00500
ec:3.2.1.54,path:ec00500
ec:3.2.1.58,path:map00500
ec:3.2.1.58,path:ec00500
ec:3.2.1.64,path:map00500
ec:3.2.1.64,path:ec00500
ec:3.2.1.65,path:map00500
ec:3.2.1.65,path:ec00500
ec:3.2.1.68,path:map00500
ec:3.2.1.68,path:ec00500
ec:3.2.1.74,path:map00500
ec:3.2.1.74,path:ec00500
ec:3.2.1.86,path:map00500
ec:3.2.1.86,path:ec00500
ec:3.2.1.91,path:map00500
ec:3.2.1.91,path:ec00500
ec:3.2.1.93,path:map00500
ec:3.2.1.93,path:ec00500
ec:3.6.1.21,path:map00500
ec:3.6.1.21,path:ec00500
ec:3.6.1.9,path:map00500
ec:3.6.1.9,path:ec00500
ec:5.3.1.9,path:map00500
ec:5.3.1.9,path:ec00500
ec:5.4.2.2,path:map00500
ec:5.4.2.2,path:ec00500
ec:5.4.2.6,path:map00500
ec:5.4.2.6,path:ec00500
ec:5.4.99.15,path:map00500
ec:5.4.99.15,path:ec00500
ec:5.4.99.16,path:map00500
ec:5.4.99.16,path:ec00500
ec:2.4.1.101,path:map00510
ec:2.4.1.101,path:ec00510
ec:2.4.1.117,path:map00510
ec:2.4.1.117,path:ec00510
ec:2.4.1.131,path:map00510
ec:2.4.1.131,path:ec00510
ec:2.4.1.132,path:map00510
ec:2.4.1.132,path:ec00510
ec:2.4.1.141,path:map00510
ec:2.4.1.141,path:ec00510
ec:2.4.1.142,path:map00510
ec:2.4.1.142,path:ec00510
ec:2.4.1.143,path:map00510
ec:2.4.1.143,path:ec00510
ec:2.4.1.144,path:map00510
ec:2.4.1.144,path:ec00510
ec:2.4.1.145,path:map00510
ec:2.4.1.145,path:ec00510
ec:2.4.1.155,path:map00510
ec:2.4.1.155,path:ec00510
ec:2.4.1.160,path:map00510
ec:2.4.1.160,path:ec00510
ec:2.4.1.201,path:map00510
ec:2.4.1.201,path:ec00510
ec:2.4.1.256,path:map00510
ec:2.4.1.256,path:ec00510
ec:2.4.1.257,path:map00510
ec:2.4.1.257,path:ec00510
ec:2.4.1.258,path:map00510
ec:2.4.1.258,path:ec00510
ec:2.4.1.259,path:map00510
ec:2.4.1.259,path:ec00510
ec:2.4.1.260,path:map00510
ec:2.4.1.260,path:ec00510
ec:2.4.1.261,path:map00510
ec:2.4.1.261,path:ec00510
ec:2.4.1.265,path:map00510
ec:2.4.1.265,path:ec00510
ec:2.4.1.267,path:map00510
ec:2.4.1.267,path:ec00510
ec:2.4.1.38,path:map00510
ec:2.4.1.38,path:ec00510
ec:2.4.1.68,path:map00510
ec:2.4.1.68,path:ec00510
ec:2.4.1.83,path:map00510
ec:2.4.1.83,path:ec00510
ec:2.4.99.1,path:map00510
ec:2.4.99.1,path:ec00510
ec:2.4.99.18,path:map00510
ec:2.4.99.18,path:ec00510
ec:2.7.1.108,path:map00510
ec:2.7.1.108,path:ec00510
ec:2.7.8.15,path:map00510
ec:2.7.8.15,path:ec00510
ec:3.1.3.51,path:map00510
ec:3.1.3.51,path:ec00510
ec:3.1.4.48,path:map00510
ec:3.1.4.48,path:ec00510
ec:3.2.1.106,path:map00510
ec:3.2.1.106,path:ec00510
ec:3.2.1.113,path:map00510
ec:3.2.1.113,path:ec00510
ec:3.2.1.114,path:map00510
ec:3.2.1.114,path:ec00510
ec:3.2.1.84,path:map00510
ec:3.2.1.84,path:ec00510
ec:3.6.1.43,path:map00510
ec:3.6.1.43,path:ec00510
ec:3.2.1.18,path:map00511
ec:3.2.1.18,path:ec00511
ec:3.2.1.23,path:map00511
ec:3.2.1.23,path:ec00511
ec:3.2.1.24,path:map00511
ec:3.2.1.24,path:ec00511
ec:3.2.1.25,path:map00511
ec:3.2.1.25,path:ec00511
ec:3.2.1.45,path:map00511
ec:3.2.1.45,path:ec00511
ec:3.2.1.51,path:map00511
ec:3.2.1.51,path:ec00511
ec:3.2.1.52,path:map00511
ec:3.2.1.52,path:ec00511
ec:3.2.1.96,path:map00511
ec:3.2.1.96,path:ec00511
ec:3.5.1.26,path:map00511
ec:3.5.1.26,path:ec00511
ec:2.4.1.102,path:map00512
ec:2.4.1.102,path:ec00512
ec:2.4.1.122,path:map00512
ec:2.4.1.122,path:ec00512
ec:2.4.1.147,path:map00512
ec:2.4.1.147,path:ec00512
ec:2.4.1.148,path:map00512
ec:2.4.1.148,path:ec00512
ec:2.4.1.41,path:map00512
ec:2.4.1.41,path:ec00512
ec:2.4.99.3,path:map00512
ec:2.4.99.3,path:ec00512
ec:2.4.99.4,path:map00512
ec:2.4.99.4,path:ec00512
ec:2.4.1.101,path:map00513
ec:2.4.1.101,path:ec00513
ec:2.4.1.131,path:map00513
ec:2.4.1.131,path:ec00513
ec:2.4.1.132,path:map00513
ec:2.4.1.132,path:ec00513
ec:2.4.1.141,path:map00513
ec:2.4.1.141,path:ec00513
ec:2.4.1.142,path:map00513
ec:2.4.1.142,path:ec00513
ec:2.4.1.143,path:map00513
ec:2.4.1.143,path:ec00513
ec:2.4.1.145,path:map00513
ec:2.4.1.145,path:ec00513
ec:2.4.1.214,path:map00513
ec:2.4.1.214,path:ec00513
ec:2.4.1.232,path:map00513
ec:2.4.1.232,path:ec00513
ec:2.4.1.244,path:map00513
ec:2.4.1.244,path:ec00513
ec:2.4.1.257,path:map00513
ec:2.4.1.257,path:ec00513
ec:2.4.1.258,path:map00513
ec:2.4.1.258,path:ec00513
ec:2.4.1.260,path:map00513
ec:2.4.1.260,path:ec00513
ec:2.4.1.261,path:map00513
ec:2.4.1.261,path:ec00513
ec:2.4.1.38,path:map00513
ec:2.4.1.38,path:ec00513
ec:2.4.1.65,path:map00513
ec:2.4.1.65,path:ec00513
ec:2.4.1.68,path:map00513
ec:2.4.1.68,path:ec00513
ec:2.4.2.38,path:map00513
ec:2.4.2.38,path:ec00513
ec:2.4.99.18,path:map00513
ec:2.4.99.18,path:ec00513
ec:2.4.99.6,path:map00513
ec:2.4.99.6,path:ec00513
ec:3.2.1.113,path:map00513
ec:3.2.1.113,path:ec00513
ec:3.2.1.114,path:map00513
ec:3.2.1.114,path:ec00513
ec:3.2.1.52,path:map00513
ec:3.2.1.52,path:ec00513
ec:2.4.1.109,path:map00514
ec:2.4.1.109,path:ec00514
ec:2.4.1.221,path:map00514
ec:2.4.1.221,path:ec00514
ec:2.4.1.222,path:map00514
ec:2.4.1.222,path:ec00514
ec:2.4.1.255,path:map00514
ec:2.4.1.255,path:ec00514
ec:2.4.1.50,path:map00514
ec:2.4.1.50,path:ec00514
ec:2.4.1.66,path:map00514
ec:2.4.1.66,path:ec00514
ec:2.4.2.58,path:map00514
ec:2.4.2.58,path:ec00514
ec:2.4.99.1,path:map00514
ec:2.4.99.1,path:ec00514
ec:2.4.99.6,path:map00514
ec:2.4.99.6,path:ec00514
ec:2.4.1.109,path:map00515
ec:2.4.1.109,path:ec00515
ec:2.4.1.135,path:map00515
ec:2.4.1.135,path:ec00515
ec:2.4.1.152,path:map00515
ec:2.4.1.152,path:ec00515
ec:2.4.1.312,path:map00515
ec:2.4.1.312,path:ec00515
ec:2.4.1.313,path:map00515
ec:2.4.1.313,path:ec00515
ec:2.4.99.6,path:map00515
ec:2.4.99.6,path:ec00515
ec:2.7.1.183,path:map00515
ec:2.7.1.183,path:ec00515
ec:2.7.7.40,path:map00515
ec:2.7.7.40,path:ec00515
ec:1.1.1.132,path:map00520
ec:1.1.1.132,path:ec00520
ec:1.1.1.135,path:map00520
ec:1.1.1.135,path:ec00520
ec:1.1.1.136,path:map00520
ec:1.1.1.136,path:ec00520
ec:1.1.1.187,path:map00520
ec:1.1.1.187,path:ec00520
ec:1.1.1.22,path:map00520
ec:1.1.1.22,path:ec00520
ec:1.1.1.271,path:map00520
ec:1.1.1.271,path:ec00520
ec:1.1.1.281,path:map00520
ec:1.1.1.281,path:ec00520
ec:1.1.1.305,path:map00520
ec:1.1.1.305,path:ec00520
ec:1.1.1.335,path:map00520
ec:1.1.1.335,path:ec00520
ec:1.1.1.336,path:map00520
ec:1.1.1.336,path:ec00520
ec:1.1.1.341,path:map00520
ec:1.1.1.341,path:ec00520
ec:1.1.1.342,path:map00520
ec:1.1.1.342,path:ec00520
ec:1.14.18.2,path:map00520
ec:1.14.18.2,path:ec00520
ec:1.17.1.1,path:map00520
ec:1.17.1.1,path:ec00520
ec:1.3.1.98,path:map00520
ec:1.3.1.98,path:ec00520
ec:1.6.2.2,path:map00520
ec:1.6.2.2,path:ec00520
ec:2.1.2.13,path:map00520
ec:2.1.2.13,path:ec00520
ec:2.3.1.157,path:map00520
ec:2.3.1.157,path:ec00520
ec:2.3.1.201,path:map00520
ec:2.3.1.201,path:ec00520
ec:2.3.1.202,path:map00520
ec:2.3.1.202,path:ec00520
ec:2.3.1.203,path:map00520
ec:2.3.1.203,path:ec00520
ec:2.3.1.227,path:map00520
ec:2.3.1.227,path:ec00520
ec:2.3.1.3,path:map00520
ec:2.3.1.3,path:ec00520
ec:2.3.1.4,path:map00520
ec:2.3.1.4,path:ec00520
ec:2.4.1.16,path:map00520
ec:2.4.1.16,path:ec00520
ec:2.4.1.280,path:map00520
ec:2.4.1.280,path:ec00520
ec:2.4.1.43,path:map00520
ec:2.4.1.43,path:ec00520
ec:2.4.2.24,path:map00520
ec:2.4.2.24,path:ec00520
ec:2.4.2.53,path:map00520
ec:2.4.2.53,path:ec00520
ec:2.5.1.101,path:map00520
ec:2.5.1.101,path:ec00520
ec:2.5.1.56,path:map00520
ec:2.5.1.56,path:ec00520
ec:2.5.1.57,path:map00520
ec:2.5.1.57,path:ec00520
ec:2.5.1.7,path:map00520
ec:2.5.1.7,path:ec00520
ec:2.5.1.97,path:map00520
ec:2.5.1.97,path:ec00520
ec:2.6.1.102,path:map00520
ec:2.6.1.102,path:ec00520
ec:2.6.1.16,path:map00520
ec:2.6.1.16,path:ec00520
ec:2.6.1.34,path:map00520
ec:2.6.1.34,path:ec00520
ec:2.6.1.87,path:map00520
ec:2.6.1.87,path:ec00520
ec:2.6.1.92,path:map00520
ec:2.6.1.92,path:ec00520
ec:2.6.1.98,path:map00520
ec:2.6.1.98,path:ec00520
ec:2.7.1.1,path:map00520
ec:2.7.1.1,path:ec00520
ec:2.7.1.191,path:map00520
ec:2.7.1.191,path:ec00520
ec:2.7.1.192,path:map00520
ec:2.7.1.192,path:ec00520
ec:2.7.1.193,path:map00520
ec:2.7.1.193,path:ec00520
ec:2.7.1.199,path:map00520
ec:2.7.1.199,path:ec00520
ec:2.7.1.2,path:map00520
ec:2.7.1.2,path:ec00520
ec:2.7.1.221,path:map00520
ec:2.7.1.221,path:ec00520
ec:2.7.1.4,path:map00520
ec:2.7.1.4,path:ec00520
ec:2.7.1.43,path:map00520
ec:2.7.1.43,path:ec00520
ec:2.7.1.44,path:map00520
ec:2.7.1.44,path:ec00520
ec:2.7.1.46,path:map00520
ec:2.7.1.46,path:ec00520
ec:2.7.1.52,path:map00520
ec:2.7.1.52,path:ec00520
ec:2.7.1.59,path:map00520
ec:2.7.1.59,path:ec00520
ec:2.7.1.6,path:map00520
ec:2.7.1.6,path:ec00520
ec:2.7.1.60,path:map00520
ec:2.7.1.60,path:ec00520
ec:2.7.1.63,path:map00520
ec:2.7.1.63,path:ec00520
ec:2.7.1.7,path:map00520
ec:2.7.1.7,path:ec00520
ec:2.7.1.8,path:map00520
ec:2.7.1.8,path:ec00520
ec:2.7.7.10,path:map00520
ec:2.7.7.10,path:ec00520
ec:2.7.7.12,path:map00520
ec:2.7.7.12,path:ec00520
ec:2.7.7.13,path:map00520
ec:2.7.7.13,path:ec00520
ec:2.7.7.22,path:map00520
ec:2.7.7.22,path:ec00520
ec:2.7.7.23,path:map00520
ec:2.7.7.23,path:ec00520
ec:2.7.7.27,path:map00520
ec:2.7.7.27,path:ec00520
ec:2.7.7.30,path:map00520
ec:2.7.7.30,path:ec00520
ec:2.7.7.33,path:map00520
ec:2.7.7.33,path:ec00520
ec:2.7.7.34,path:map00520
ec:2.7.7.34,path:ec00520
ec:2.7.7.43,path:map00520
ec:2.7.7.43,path:ec00520
ec:2.7.7.44,path:map00520
ec:2.7.7.44,path:ec00520
ec:2.7.7.64,path:map00520
ec:2.7.7.64,path:ec00520
ec:2.7.7.81,path:map00520
ec:2.7.7.81,path:ec00520
ec:2.7.7.82,path:map00520
ec:2.7.7.82,path:ec00520
ec:2.7.7.9,path:map00520
ec:2.7.7.9,path:ec00520
ec:2.7.7.99,path:map00520
ec:2.7.7.99,path:ec00520
ec:3.1.3.105,path:map00520
ec:3.1.3.105,path:ec00520
ec:3.1.3.29,path:map00520
ec:3.1.3.29,path:ec00520
ec:3.13.1.1,path:map00520
ec:3.13.1.1,path:ec00520
ec:3.2.1.132,path:map00520
ec:3.2.1.132,path:ec00520
ec:3.2.1.14,path:map00520
ec:3.2.1.14,path:ec00520
ec:3.2.1.165,path:map00520
ec:3.2.1.165,path:ec00520
ec:3.2.1.183,path:map00520
ec:3.2.1.183,path:ec00520
ec:3.2.1.184,path:map00520
ec:3.2.1.184,path:ec00520
ec:3.2.1.37,path:map00520
ec:3.2.1.37,path:ec00520
ec:3.2.1.52,path:map00520
ec:3.2.1.52,path:ec00520
ec:3.2.1.55,path:map00520
ec:3.2.1.55,path:ec00520
ec:3.5.1.25,path:map00520
ec:3.5.1.25,path:ec00520
ec:3.5.1.33,path:map00520
ec:3.5.1.33,path:ec00520
ec:3.5.1.41,path:map00520
ec:3.5.1.41,path:ec00520
ec:3.5.99.6,path:map00520
ec:3.5.99.6,path:ec00520
ec:3.6.1.57,path:map00520
ec:3.6.1.57,path:ec00520
ec:4.1.1.35,path:map00520
ec:4.1.1.35,path:ec00520
ec:4.1.1.67,path:map00520
ec:4.1.1.67,path:ec00520
ec:4.1.3.3,path:map00520
ec:4.1.3.3,path:ec00520
ec:4.2.1.115,path:map00520
ec:4.2.1.115,path:ec00520
ec:4.2.1.126,path:map00520
ec:4.2.1.126,path:ec00520
ec:4.2.1.135,path:map00520
ec:4.2.1.135,path:ec00520
ec:4.2.1.45,path:map00520
ec:4.2.1.45,path:ec00520
ec:4.2.1.47,path:map00520
ec:4.2.1.47,path:ec00520
ec:4.2.1.76,path:map00520
ec:4.2.1.76,path:ec00520
ec:5.1.3.10,path:map00520
ec:5.1.3.10,path:ec00520
ec:5.1.3.12,path:map00520
ec:5.1.3.12,path:ec00520
ec:5.1.3.14,path:map00520
ec:5.1.3.14,path:ec00520
ec:5.1.3.18,path:map00520
ec:5.1.3.18,path:ec00520
ec:5.1.3.2,path:map00520
ec:5.1.3.2,path:ec00520
ec:5.1.3.23,path:map00520
ec:5.1.3.23,path:ec00520
ec:5.1.3.5,path:map00520
ec:5.1.3.5,path:ec00520
ec:5.1.3.6,path:map00520
ec:5.1.3.6,path:ec00520
ec:5.1.3.7,path:map00520
ec:5.1.3.7,path:ec00520
ec:5.1.3.8,path:map00520
ec:5.1.3.8,path:ec00520
ec:5.1.3.9,path:map00520
ec:5.1.3.9,path:ec00520
ec:5.3.1.8,path:map00520
ec:5.3.1.8,path:ec00520
ec:5.3.1.9,path:map00520
ec:5.3.1.9,path:ec00520
ec:5.4.2.10,path:map00520
ec:5.4.2.10,path:ec00520
ec:5.4.2.2,path:map00520
ec:5.4.2.2,path:ec00520
ec:5.4.2.3,path:map00520
ec:5.4.2.3,path:ec00520
ec:5.4.2.5,path:map00520
ec:5.4.2.5,path:ec00520
ec:5.4.2.8,path:map00520
ec:5.4.2.8,path:ec00520
ec:5.4.99.30,path:map00520
ec:5.4.99.30,path:ec00520
ec:5.4.99.9,path:map00520
ec:5.4.99.9,path:ec00520
ec:1.1.1.133,path:map00521
ec:1.1.1.133,path:ec00521
ec:1.1.1.18,path:map00521
ec:1.1.1.18,path:ec00521
ec:2.1.4.2,path:map00521
ec:2.1.4.2,path:ec00521
ec:2.4.2.27,path:map00521
ec:2.4.2.27,path:ec00521
ec:2.6.1.50,path:map00521
ec:2.6.1.50,path:ec00521
ec:2.6.1.56,path:map00521
ec:2.6.1.56,path:ec00521
ec:2.7.1.1,path:map00521
ec:2.7.1.1,path:ec00521
ec:2.7.1.2,path:map00521
ec:2.7.1.2,path:ec00521
ec:2.7.1.65,path:map00521
ec:2.7.1.65,path:ec00521
ec:2.7.1.72,path:map00521
ec:2.7.1.72,path:ec00521
ec:2.7.7.24,path:map00521
ec:2.7.7.24,path:ec00521
ec:3.1.3.25,path:map00521
ec:3.1.3.25,path:ec00521
ec:3.1.3.39,path:map00521
ec:3.1.3.39,path:ec00521
ec:3.1.3.40,path:map00521
ec:3.1.3.40,path:ec00521
ec:4.2.1.46,path:map00521
ec:4.2.1.46,path:ec00521
ec:5.1.3.13,path:map00521
ec:5.1.3.13,path:ec00521
ec:5.4.2.2,path:map00521
ec:5.4.2.2,path:ec00521
ec:5.5.1.4,path:map00521
ec:5.5.1.4,path:ec00521
ec:1.14.13.154,path:map00522
ec:1.14.13.154,path:ec00522
ec:1.14.13.185,path:map00522
ec:1.14.13.185,path:ec00522
ec:1.14.13.186,path:map00522
ec:1.14.13.186,path:ec00522
ec:1.14.13.188,path:map00522
ec:1.14.13.188,path:ec00522
ec:2.1.1.101,path:map00522
ec:2.1.1.101,path:ec00522
ec:2.1.1.102,path:map00522
ec:2.1.1.102,path:ec00522
ec:2.1.1.239,path:map00522
ec:2.1.1.239,path:ec00522
ec:2.1.1.254,path:map00522
ec:2.1.1.254,path:ec00522
ec:2.3.1.239,path:map00522
ec:2.3.1.239,path:ec00522
ec:2.3.1.240,path:map00522
ec:2.3.1.240,path:ec00522
ec:2.3.1.94,path:map00522
ec:2.3.1.94,path:ec00522
ec:2.4.1.277,path:map00522
ec:2.4.1.277,path:ec00522
ec:2.4.1.278,path:map00522
ec:2.4.1.278,path:ec00522
ec:2.4.1.316,path:map00522
ec:2.4.1.316,path:ec00522
ec:2.4.1.317,path:map00522
ec:2.4.1.317,path:ec00522
ec:2.4.1.318,path:map00522
ec:2.4.1.318,path:ec00522
ec:2.4.1.328,path:map00522
ec:2.4.1.328,path:ec00522
ec:1.1.1.133,path:map00523
ec:1.1.1.133,path:ec00523
ec:1.1.1.266,path:map00523
ec:1.1.1.266,path:ec00523
ec:1.1.1.339,path:map00523
ec:1.1.1.339,path:ec00523
ec:1.1.1.344,path:map00523
ec:1.1.1.344,path:ec00523
ec:1.1.1.364,path:map00523
ec:1.1.1.364,path:ec00523
ec:1.1.1.384,path:map00523
ec:1.1.1.384,path:ec00523
ec:2.1.1.234,path:map00523
ec:2.1.1.234,path:ec00523
ec:2.1.1.235,path:map00523
ec:2.1.1.235,path:ec00523
ec:2.1.1.236,path:map00523
ec:2.1.1.236,path:ec00523
ec:2.1.1.324,path:map00523
ec:2.1.1.324,path:ec00523
ec:2.3.1.197,path:map00523
ec:2.3.1.197,path:ec00523
ec:2.6.1.106,path:map00523
ec:2.6.1.106,path:ec00523
ec:2.6.1.110,path:map00523
ec:2.6.1.110,path:ec00523
ec:2.6.1.33,path:map00523
ec:2.6.1.33,path:ec00523
ec:2.6.1.89,path:map00523
ec:2.6.1.89,path:ec00523
ec:2.6.1.90,path:map00523
ec:2.6.1.90,path:ec00523
ec:2.7.7.24,path:map00523
ec:2.7.7.24,path:ec00523
ec:4.2.1.159,path:map00523
ec:4.2.1.159,path:ec00523
ec:4.2.1.164,path:map00523
ec:4.2.1.164,path:ec00523
ec:4.2.1.46,path:map00523
ec:4.2.1.46,path:ec00523
ec:4.3.1.30,path:map00523
ec:4.3.1.30,path:ec00523
ec:5.1.3.13,path:map00523
ec:5.1.3.13,path:ec00523
ec:5.1.3.25,path:map00523
ec:5.1.3.25,path:ec00523
ec:5.1.3.27,path:map00523
ec:5.1.3.27,path:ec00523
ec:5.3.2.3,path:map00523
ec:5.3.2.3,path:ec00523
ec:5.3.2.4,path:map00523
ec:5.3.2.4,path:ec00523
ec:5.4.99.59,path:map00523
ec:5.4.99.59,path:ec00523
ec:1.1.1.329,path:map00524
ec:1.1.1.329,path:ec00524
ec:1.1.1.355,path:map00524
ec:1.1.1.355,path:ec00524
ec:1.1.3.43,path:map00524
ec:1.1.3.43,path:ec00524
ec:1.1.3.44,path:map00524
ec:1.1.3.44,path:ec00524
ec:1.1.99.38,path:map00524
ec:1.1.99.38,path:ec00524
ec:1.14.11.37,path:map00524
ec:1.14.11.37,path:ec00524
ec:1.14.14.13,path:map00524
ec:1.14.14.13,path:ec00524
ec:2.3.2.19,path:map00524
ec:2.3.2.19,path:ec00524
ec:2.4.1.283,path:map00524
ec:2.4.1.283,path:ec00524
ec:2.4.1.284,path:map00524
ec:2.4.1.284,path:ec00524
ec:2.4.1.285,path:map00524
ec:2.4.1.285,path:ec00524
ec:2.4.1.301,path:map00524
ec:2.4.1.301,path:ec00524
ec:2.4.2.49,path:map00524
ec:2.4.2.49,path:ec00524
ec:2.6.1.100,path:map00524
ec:2.6.1.100,path:ec00524
ec:2.6.1.101,path:map00524
ec:2.6.1.101,path:ec00524
ec:2.6.1.93,path:map00524
ec:2.6.1.93,path:ec00524
ec:2.6.1.94,path:map00524
ec:2.6.1.94,path:ec00524
ec:2.6.1.95,path:map00524
ec:2.6.1.95,path:ec00524
ec:2.7.1.1,path:map00524
ec:2.7.1.1,path:ec00524
ec:2.7.1.2,path:map00524
ec:2.7.1.2,path:ec00524
ec:3.1.3.88,path:map00524
ec:3.1.3.88,path:ec00524
ec:3.5.1.112,path:map00524
ec:3.5.1.112,path:ec00524
ec:3.5.1.113,path:map00524
ec:3.5.1.113,path:ec00524
ec:4.1.1.95,path:map00524
ec:4.1.1.95,path:ec00524
ec:4.2.3.124,path:map00524
ec:4.2.3.124,path:ec00524
ec:4.3.2.6,path:map00524
ec:4.3.2.6,path:ec00524
ec:6.1.2.2,path:map00524
ec:6.1.2.2,path:ec00524
ec:6.2.1.39,path:map00524
ec:6.2.1.39,path:ec00524
ec:1.14.11.52,path:map00525
ec:1.14.11.52,path:ec00525
ec:2.4.1.338,path:map00525
ec:2.4.1.338,path:ec00525
ec:2.5.1.135,path:map00525
ec:2.5.1.135,path:ec00525
ec:2.6.1.33,path:map00525
ec:2.6.1.33,path:ec00525
ec:2.7.1.187,path:map00525
ec:2.7.1.187,path:ec00525
ec:2.7.1.188,path:map00525
ec:2.7.1.188,path:ec00525
ec:2.7.1.214,path:map00525
ec:2.7.1.214,path:ec00525
ec:2.7.7.24,path:map00525
ec:2.7.7.24,path:ec00525
ec:2.7.7.91,path:map00525
ec:2.7.7.91,path:ec00525
ec:3.1.3.101,path:map00525
ec:3.1.3.101,path:ec00525
ec:4.2.1.46,path:map00525
ec:4.2.1.46,path:ec00525
ec:4.2.3.152,path:map00525
ec:4.2.3.152,path:ec00525
ec:5.1.3.33,path:map00525
ec:5.1.3.33,path:ec00525
ec:5.1.3.35,path:map00525
ec:5.1.3.35,path:ec00525
ec:2.3.1.78,path:map00531
ec:2.3.1.78,path:ec00531
ec:3.1.6.12,path:map00531
ec:3.1.6.12,path:ec00531
ec:3.1.6.13,path:map00531
ec:3.1.6.13,path:ec00531
ec:3.1.6.14,path:map00531
ec:3.1.6.14,path:ec00531
ec:3.1.6.18,path:map00531
ec:3.1.6.18,path:ec00531
ec:3.1.6.4,path:map00531
ec:3.1.6.4,path:ec00531
ec:3.10.1.1,path:map00531
ec:3.10.1.1,path:ec00531
ec:3.2.1.103,path:map00531
ec:3.2.1.103,path:ec00531
ec:3.2.1.166,path:map00531
ec:3.2.1.166,path:ec00531
ec:3.2.1.23,path:map00531
ec:3.2.1.23,path:ec00531
ec:3.2.1.31,path:map00531
ec:3.2.1.31,path:ec00531
ec:3.2.1.35,path:map00531
ec:3.2.1.35,path:ec00531
ec:3.2.1.50,path:map00531
ec:3.2.1.50,path:ec00531
ec:3.2.1.52,path:map00531
ec:3.2.1.52,path:ec00531
ec:3.2.1.76,path:map00531
ec:3.2.1.76,path:ec00531
ec:2.4.1.133,path:map00532
ec:2.4.1.133,path:ec00532
ec:2.4.1.134,path:map00532
ec:2.4.1.134,path:ec00532
ec:2.4.1.135,path:map00532
ec:2.4.1.135,path:ec00532
ec:2.4.1.174,path:map00532
ec:2.4.1.174,path:ec00532
ec:2.4.1.175,path:map00532
ec:2.4.1.175,path:ec00532
ec:2.4.1.226,path:map00532
ec:2.4.1.226,path:ec00532
ec:2.4.2.26,path:map00532
ec:2.4.2.26,path:ec00532
ec:2.8.2.17,path:map00532
ec:2.8.2.17,path:ec00532
ec:2.8.2.33,path:map00532
ec:2.8.2.33,path:ec00532
ec:2.8.2.35,path:map00532
ec:2.8.2.35,path:ec00532
ec:2.8.2.5,path:map00532
ec:2.8.2.5,path:ec00532
ec:5.1.3.19,path:map00532
ec:5.1.3.19,path:ec00532
ec:2.4.1.149,path:map00533
ec:2.4.1.149,path:ec00533
ec:2.4.1.38,path:map00533
ec:2.4.1.38,path:ec00533
ec:2.4.1.68,path:map00533
ec:2.4.1.68,path:ec00533
ec:2.4.99.4,path:map00533
ec:2.4.99.4,path:ec00533
ec:2.4.99.6,path:map00533
ec:2.4.99.6,path:ec00533
ec:2.8.2.21,path:map00533
ec:2.8.2.21,path:ec00533
ec:2.4.1.133,path:map00534
ec:2.4.1.133,path:ec00534
ec:2.4.1.134,path:map00534
ec:2.4.1.134,path:ec00534
ec:2.4.1.135,path:map00534
ec:2.4.1.135,path:ec00534
ec:2.4.1.223,path:map00534
ec:2.4.1.223,path:ec00534
ec:2.4.1.224,path:map00534
ec:2.4.1.224,path:ec00534
ec:2.4.1.225,path:map00534
ec:2.4.1.225,path:ec00534
ec:2.4.2.26,path:map00534
ec:2.4.2.26,path:ec00534
ec:2.8.2.23,path:map00534
ec:2.8.2.23,path:ec00534
ec:2.8.2.29,path:map00534
ec:2.8.2.29,path:ec00534
ec:2.8.2.30,path:map00534
ec:2.8.2.30,path:ec00534
ec:5.1.3.17,path:map00534
ec:5.1.3.17,path:ec00534
ec:2.3.1.129,path:map00540
ec:2.3.1.129,path:ec00540
ec:2.3.1.191,path:map00540
ec:2.3.1.191,path:ec00540
ec:2.3.1.241,path:map00540
ec:2.3.1.241,path:ec00540
ec:2.3.1.243,path:map00540
ec:2.3.1.243,path:ec00540
ec:2.4.1.182,path:map00540
ec:2.4.1.182,path:ec00540
ec:2.4.1.44,path:map00540
ec:2.4.1.44,path:ec00540
ec:2.4.1.56,path:map00540
ec:2.4.1.56,path:ec00540
ec:2.4.1.58,path:map00540
ec:2.4.1.58,path:ec00540
ec:2.4.99.12,path:map00540
ec:2.4.99.12,path:ec00540
ec:2.4.99.13,path:map00540
ec:2.4.99.13,path:ec00540
ec:2.5.1.55,path:map00540
ec:2.5.1.55,path:ec00540
ec:2.7.1.130,path:map00540
ec:2.7.1.130,path:ec00540
ec:2.7.1.166,path:map00540
ec:2.7.1.166,path:ec00540
ec:2.7.1.167,path:map00540
ec:2.7.1.167,path:ec00540
ec:2.7.1.168,path:map00540
ec:2.7.1.168,path:ec00540
ec:2.7.7.38,path:map00540
ec:2.7.7.38,path:ec00540
ec:2.7.7.70,path:map00540
ec:2.7.7.70,path:ec00540
ec:2.7.7.71,path:map00540
ec:2.7.7.71,path:ec00540
ec:2.7.8.42,path:map00540
ec:2.7.8.42,path:ec00540
ec:3.1.3.45,path:map00540
ec:3.1.3.45,path:ec00540
ec:3.1.3.82,path:map00540
ec:3.1.3.82,path:ec00540
ec:3.1.3.83,path:map00540
ec:3.1.3.83,path:ec00540
ec:3.5.1.108,path:map00540
ec:3.5.1.108,path:ec00540
ec:3.6.1.54,path:map00540
ec:3.6.1.54,path:ec00540
ec:5.1.3.20,path:map00540
ec:5.1.3.20,path:ec00540
ec:5.3.1.13,path:map00540
ec:5.3.1.13,path:ec00540
ec:5.3.1.28,path:map00540
ec:5.3.1.28,path:ec00540
ec:1.3.1.98,path:map00550
ec:1.3.1.98,path:ec00550
ec:2.3.2.10,path:map00550
ec:2.3.2.10,path:ec00550
ec:2.3.2.16,path:map00550
ec:2.3.2.16,path:ec00550
ec:2.3.2.17,path:map00550
ec:2.3.2.17,path:ec00550
ec:2.3.2.18,path:map00550
ec:2.3.2.18,path:ec00550
ec:2.4.1.129,path:map00550
ec:2.4.1.129,path:ec00550
ec:2.4.1.227,path:map00550
ec:2.4.1.227,path:ec00550
ec:2.5.1.7,path:map00550
ec:2.5.1.7,path:ec00550
ec:2.7.1.66,path:map00550
ec:2.7.1.66,path:ec00550
ec:2.7.8.13,path:map00550
ec:2.7.8.13,path:ec00550
ec:3.4.16.4,path:map00550
ec:3.4.16.4,path:ec00550
ec:3.4.17.14,path:map00550
ec:3.4.17.14,path:ec00550
ec:3.6.1.27,path:map00550
ec:3.6.1.27,path:ec00550
ec:6.3.2.10,path:map00550
ec:6.3.2.10,path:ec00550
ec:6.3.2.13,path:map00550
ec:6.3.2.13,path:ec00550
ec:6.3.2.4,path:map00550
ec:6.3.2.4,path:ec00550
ec:6.3.2.7,path:map00550
ec:6.3.2.7,path:ec00550
ec:6.3.2.8,path:map00550
ec:6.3.2.8,path:ec00550
ec:6.3.2.9,path:map00550
ec:6.3.2.9,path:ec00550
ec:1.1.1.156,path:map00561
ec:1.1.1.156,path:ec00561
ec:1.1.1.2,path:map00561
ec:1.1.1.2,path:ec00561
ec:1.1.1.202,path:map00561
ec:1.1.1.202,path:ec00561
ec:1.1.1.21,path:map00561
ec:1.1.1.21,path:ec00561
ec:1.1.1.6,path:map00561
ec:1.1.1.6,path:ec00561
ec:1.1.1.72,path:map00561
ec:1.1.1.72,path:ec00561
ec:1.2.1.3,path:map00561
ec:1.2.1.3,path:ec00561
ec:2.3.1.134,path:map00561
ec:2.3.1.134,path:ec00561
ec:2.3.1.141,path:map00561
ec:2.3.1.141,path:ec00561
ec:2.3.1.15,path:map00561
ec:2.3.1.15,path:ec00561
ec:2.3.1.158,path:map00561
ec:2.3.1.158,path:ec00561
ec:2.3.1.20,path:map00561
ec:2.3.1.20,path:ec00561
ec:2.3.1.22,path:map00561
ec:2.3.1.22,path:ec00561
ec:2.3.1.51,path:map00561
ec:2.3.1.51,path:ec00561
ec:2.4.1.184,path:map00561
ec:2.4.1.184,path:ec00561
ec:2.4.1.241,path:map00561
ec:2.4.1.241,path:ec00561
ec:2.4.1.315,path:map00561
ec:2.4.1.315,path:ec00561
ec:2.4.1.336,path:map00561
ec:2.4.1.336,path:ec00561
ec:2.4.1.337,path:map00561
ec:2.4.1.337,path:ec00561
ec:2.4.1.46,path:map00561
ec:2.4.1.46,path:ec00561
ec:2.4.99.5,path:map00561
ec:2.4.99.5,path:ec00561
ec:2.7.1.107,path:map00561
ec:2.7.1.107,path:ec00561
ec:2.7.1.121,path:map00561
ec:2.7.1.121,path:ec00561
ec:2.7.1.165,path:map00561
ec:2.7.1.165,path:ec00561
ec:2.7.1.29,path:map00561
ec:2.7.1.29,path:ec00561
ec:2.7.1.30,path:map00561
ec:2.7.1.30,path:ec00561
ec:2.7.1.31,path:map00561
ec:2.7.1.31,path:ec00561
ec:2.7.1.94,path:map00561
ec:2.7.1.94,path:ec00561
ec:2.7.8.20,path:map00561
ec:2.7.8.20,path:ec00561
ec:3.1.1.23,path:map00561
ec:3.1.1.23,path:ec00561
ec:3.1.1.26,path:map00561
ec:3.1.1.26,path:ec00561
ec:3.1.1.3,path:map00561
ec:3.1.1.3,path:ec00561
ec:3.1.1.34,path:map00561
ec:3.1.1.34,path:ec00561
ec:3.1.3.21,path:map00561
ec:3.1.3.21,path:ec00561
ec:3.1.3.4,path:map00561
ec:3.1.3.4,path:ec00561
ec:3.1.3.81,path:map00561
ec:3.1.3.81,path:ec00561
ec:3.13.1.1,path:map00561
ec:3.13.1.1,path:ec00561
ec:3.2.1.22,path:map00561
ec:3.2.1.22,path:ec00561
ec:4.2.1.30,path:map00561
ec:4.2.1.30,path:ec00561
ec:5.1.3.34,path:map00561
ec:5.1.3.34,path:ec00561
ec:1.1.1.18,path:map00562
ec:1.1.1.18,path:ec00562
ec:1.1.1.369,path:map00562
ec:1.1.1.369,path:ec00562
ec:1.1.1.370,path:map00562
ec:1.1.1.370,path:ec00562
ec:1.1.1.371,path:map00562
ec:1.1.1.371,path:ec00562
ec:1.13.99.1,path:map00562
ec:1.13.99.1,path:ec00562
ec:1.2.1.18,path:map00562
ec:1.2.1.18,path:ec00562
ec:2.1.1.39,path:map00562
ec:2.1.1.39,path:ec00562
ec:2.1.1.40,path:map00562
ec:2.1.1.40,path:ec00562
ec:2.7.1.127,path:map00562
ec:2.7.1.127,path:ec00562
ec:2.7.1.134,path:map00562
ec:2.7.1.134,path:ec00562
ec:2.7.1.137,path:map00562
ec:2.7.1.137,path:ec00562
ec:2.7.1.140,path:map00562
ec:2.7.1.140,path:ec00562
ec:2.7.1.149,path:map00562
ec:2.7.1.149,path:ec00562
ec:2.7.1.150,path:map00562
ec:2.7.1.150,path:ec00562
ec:2.7.1.151,path:map00562
ec:2.7.1.151,path:ec00562
ec:2.7.1.153,path:map00562
ec:2.7.1.153,path:ec00562
ec:2.7.1.154,path:map00562
ec:2.7.1.154,path:ec00562
ec:2.7.1.158,path:map00562
ec:2.7.1.158,path:ec00562
ec:2.7.1.159,path:map00562
ec:2.7.1.159,path:ec00562
ec:2.7.1.64,path:map00562
ec:2.7.1.64,path:ec00562
ec:2.7.1.67,path:map00562
ec:2.7.1.67,path:ec00562
ec:2.7.1.68,path:map00562
ec:2.7.1.68,path:ec00562
ec:2.7.1.92,path:map00562
ec:2.7.1.92,path:ec00562
ec:2.7.7.74,path:map00562
ec:2.7.7.74,path:ec00562
ec:2.7.8.11,path:map00562
ec:2.7.8.11,path:ec00562
ec:2.7.8.34,path:map00562
ec:2.7.8.34,path:ec00562
ec:3.1.3.25,path:map00562
ec:3.1.3.25,path:ec00562
ec:3.1.3.26,path:map00562
ec:3.1.3.26,path:ec00562
ec:3.1.3.36,path:map00562
ec:3.1.3.36,path:ec00562
ec:3.1.3.56,path:map00562
ec:3.1.3.56,path:ec00562
ec:3.1.3.57,path:map00562
ec:3.1.3.57,path:ec00562
ec:3.1.3.62,path:map00562
ec:3.1.3.62,path:ec00562
ec:3.1.3.64,path:map00562
ec:3.1.3.64,path:ec00562
ec:3.1.3.66,path:map00562
ec:3.1.3.66,path:ec00562
ec:3.1.3.67,path:map00562
ec:3.1.3.67,path:ec00562
ec:3.1.3.8,path:map00562
ec:3.1.3.8,path:ec00562
ec:3.1.3.86,path:map00562
ec:3.1.3.86,path:ec00562
ec:3.1.3.95,path:map00562
ec:3.1.3.95,path:ec00562
ec:3.1.4.11,path:map00562
ec:3.1.4.11,path:ec00562
ec:3.1.4.3,path:map00562
ec:3.1.4.3,path:ec00562
ec:3.7.1.22,path:map00562
ec:3.7.1.22,path:ec00562
ec:4.1.2.29,path:map00562
ec:4.1.2.29,path:ec00562
ec:4.2.1.44,path:map00562
ec:4.2.1.44,path:ec00562
ec:4.6.1.13,path:map00562
ec:4.6.1.13,path:ec00562
ec:5.3.1.1,path:map00562
ec:5.3.1.1,path:ec00562
ec:5.3.1.30,path:map00562
ec:5.3.1.30,path:ec00562
ec:5.3.99.11,path:map00562
ec:5.3.99.11,path:ec00562
ec:5.5.1.4,path:map00562
ec:5.5.1.4,path:ec00562
ec:2.4.1.198,path:map00563
ec:2.4.1.198,path:ec00563
ec:3.1.4.50,path:map00563
ec:3.1.4.50,path:ec00563
ec:3.5.1.89,path:map00563
ec:3.5.1.89,path:ec00563
ec:1.1.1.101,path:map00564
ec:1.1.1.101,path:ec00564
ec:1.1.1.261,path:map00564
ec:1.1.1.261,path:ec00564
ec:1.1.1.8,path:map00564
ec:1.1.1.8,path:ec00564
ec:1.1.1.94,path:map00564
ec:1.1.1.94,path:ec00564
ec:1.1.3.21,path:map00564
ec:1.1.3.21,path:ec00564
ec:1.1.5.3,path:map00564
ec:1.1.5.3,path:ec00564
ec:1.3.1.101,path:map00564
ec:1.3.1.101,path:ec00564
ec:1.3.7.11,path:map00564
ec:1.3.7.11,path:ec00564
ec:2.1.1.103,path:map00564
ec:2.1.1.103,path:ec00564
ec:2.1.1.17,path:map00564
ec:2.1.1.17,path:ec00564
ec:2.1.1.71,path:map00564
ec:2.1.1.71,path:ec00564
ec:2.3.1.15,path:map00564
ec:2.3.1.15,path:ec00564
ec:2.3.1.198,path:map00564
ec:2.3.1.198,path:ec00564
ec:2.3.1.23,path:map00564
ec:2.3.1.23,path:ec00564
ec:2.3.1.40,path:map00564
ec:2.3.1.40,path:ec00564
ec:2.3.1.42,path:map00564
ec:2.3.1.42,path:ec00564
ec:2.3.1.43,path:map00564
ec:2.3.1.43,path:ec00564
ec:2.3.1.51,path:map00564
ec:2.3.1.51,path:ec00564
ec:2.3.1.52,path:map00564
ec:2.3.1.52,path:ec00564
ec:2.3.1.6,path:map00564
ec:2.3.1.6,path:ec00564
ec:2.3.1.62,path:map00564
ec:2.3.1.62,path:ec00564
ec:2.5.1.41,path:map00564
ec:2.5.1.41,path:ec00564
ec:2.5.1.42,path:map00564
ec:2.5.1.42,path:ec00564
ec:2.7.1.107,path:map00564
ec:2.7.1.107,path:ec00564
ec:2.7.1.174,path:map00564
ec:2.7.1.174,path:ec00564
ec:2.7.1.32,path:map00564
ec:2.7.1.32,path:ec00564
ec:2.7.1.82,path:map00564
ec:2.7.1.82,path:ec00564
ec:2.7.7.14,path:map00564
ec:2.7.7.14,path:ec00564
ec:2.7.7.15,path:map00564
ec:2.7.7.15,path:ec00564
ec:2.7.7.39,path:map00564
ec:2.7.7.39,path:ec00564
ec:2.7.7.41,path:map00564
ec:2.7.7.41,path:ec00564
ec:2.7.7.67,path:map00564
ec:2.7.7.67,path:ec00564
ec:2.7.8.1,path:map00564
ec:2.7.8.1,path:ec00564
ec:2.7.8.11,path:map00564
ec:2.7.8.11,path:ec00564
ec:2.7.8.2,path:map00564
ec:2.7.8.2,path:ec00564
ec:2.7.8.24,path:map00564
ec:2.7.8.24,path:ec00564
ec:2.7.8.29,path:map00564
ec:2.7.8.29,path:ec00564
ec:2.7.8.38,path:map00564
ec:2.7.8.38,path:ec00564
ec:2.7.8.4,path:map00564
ec:2.7.8.4,path:ec00564
ec:2.7.8.41,path:map00564
ec:2.7.8.41,path:ec00564
ec:2.7.8.5,path:map00564
ec:2.7.8.5,path:ec00564
ec:2.7.8.8,path:map00564
ec:2.7.8.8,path:ec00564
ec:3.1.1.32,path:map00564
ec:3.1.1.32,path:ec00564
ec:3.1.1.4,path:map00564
ec:3.1.1.4,path:ec00564
ec:3.1.1.5,path:map00564
ec:3.1.1.5,path:ec00564
ec:3.1.1.52,path:map00564
ec:3.1.1.52,path:ec00564
ec:3.1.1.7,path:map00564
ec:3.1.1.7,path:ec00564
ec:3.1.3.27,path:map00564
ec:3.1.3.27,path:ec00564
ec:3.1.3.4,path:map00564
ec:3.1.3.4,path:ec00564
ec:3.1.3.75,path:map00564
ec:3.1.3.75,path:ec00564
ec:3.1.3.81,path:map00564
ec:3.1.3.81,path:ec00564
ec:3.1.4.13,path:map00564
ec:3.1.4.13,path:ec00564
ec:3.1.4.2,path:map00564
ec:3.1.4.2,path:ec00564
ec:3.1.4.3,path:map00564
ec:3.1.4.3,path:ec00564
ec:3.1.4.4,path:map00564
ec:3.1.4.4,path:ec00564
ec:3.1.4.46,path:map00564
ec:3.1.4.46,path:ec00564
ec:3.6.1.16,path:map00564
ec:3.6.1.16,path:ec00564
ec:3.6.1.26,path:map00564
ec:3.6.1.26,path:ec00564
ec:4.1.1.65,path:map00564
ec:4.1.1.65,path:ec00564
ec:4.2.3.2,path:map00564
ec:4.2.3.2,path:ec00564
ec:4.3.1.7,path:map00564
ec:4.3.1.7,path:ec00564
ec:1.1.1.101,path:map00565
ec:1.1.1.101,path:ec00565
ec:1.14.99.19,path:map00565
ec:1.14.99.19,path:ec00565
ec:2.3.1.105,path:map00565
ec:2.3.1.105,path:ec00565
ec:2.3.1.121,path:map00565
ec:2.3.1.121,path:ec00565
ec:2.3.1.125,path:map00565
ec:2.3.1.125,path:ec00565
ec:2.3.1.25,path:map00565
ec:2.3.1.25,path:ec00565
ec:2.3.1.63,path:map00565
ec:2.3.1.63,path:ec00565
ec:2.3.1.67,path:map00565
ec:2.3.1.67,path:ec00565
ec:2.4.1.47,path:map00565
ec:2.4.1.47,path:ec00565
ec:2.5.1.26,path:map00565
ec:2.5.1.26,path:ec00565
ec:2.7.1.93,path:map00565
ec:2.7.1.93,path:ec00565
ec:2.7.8.1,path:map00565
ec:2.7.8.1,path:ec00565
ec:2.7.8.2,path:map00565
ec:2.7.8.2,path:ec00565
ec:2.7.8.22,path:map00565
ec:2.7.8.22,path:ec00565
ec:2.8.2.11,path:map00565
ec:2.8.2.11,path:ec00565
ec:3.1.1.4,path:map00565
ec:3.1.1.4,path:ec00565
ec:3.1.1.47,path:map00565
ec:3.1.1.47,path:ec00565
ec:3.1.3.4,path:map00565
ec:3.1.3.4,path:ec00565
ec:3.1.3.59,path:map00565
ec:3.1.3.59,path:ec00565
ec:3.1.4.3,path:map00565
ec:3.1.4.3,path:ec00565
ec:3.1.4.39,path:map00565
ec:3.1.4.39,path:ec00565
ec:3.1.4.4,path:map00565
ec:3.1.4.4,path:ec00565
ec:3.3.2.2,path:map00565
ec:3.3.2.2,path:ec00565
ec:1.1.1.184,path:map00590
ec:1.1.1.184,path:ec00590
ec:1.1.1.188,path:map00590
ec:1.1.1.188,path:ec00590
ec:1.1.1.189,path:map00590
ec:1.1.1.189,path:ec00590
ec:1.1.1.196,path:map00590
ec:1.1.1.196,path:ec00590
ec:1.1.1.232,path:map00590
ec:1.1.1.232,path:ec00590
ec:1.11.1.20,path:map00590
ec:1.11.1.20,path:ec00590
ec:1.11.1.9,path:map00590
ec:1.11.1.9,path:ec00590
ec:1.13.11.31,path:map00590
ec:1.13.11.31,path:ec00590
ec:1.13.11.33,path:map00590
ec:1.13.11.33,path:ec00590
ec:1.13.11.34,path:map00590
ec:1.13.11.34,path:ec00590
ec:1.13.11.40,path:map00590
ec:1.13.11.40,path:ec00590
ec:1.14.13.30,path:map00590
ec:1.14.13.30,path:ec00590
ec:1.14.13.34,path:map00590
ec:1.14.13.34,path:ec00590
ec:1.14.14.1,path:map00590
ec:1.14.14.1,path:ec00590
ec:1.14.15.3,path:map00590
ec:1.14.15.3,path:ec00590
ec:1.14.99.1,path:map00590
ec:1.14.99.1,path:ec00590
ec:3.1.1.4,path:map00590
ec:3.1.1.4,path:ec00590
ec:3.3.2.10,path:map00590
ec:3.3.2.10,path:ec00590
ec:3.3.2.6,path:map00590
ec:3.3.2.6,path:ec00590
ec:3.3.2.7,path:map00590
ec:3.3.2.7,path:ec00590
ec:3.4.19.14,path:map00590
ec:3.4.19.14,path:ec00590
ec:4.4.1.20,path:map00590
ec:4.4.1.20,path:ec00590
ec:5.3.99.2,path:map00590
ec:5.3.99.2,path:ec00590
ec:5.3.99.3,path:map00590
ec:5.3.99.3,path:ec00590
ec:5.3.99.4,path:map00590
ec:5.3.99.4,path:ec00590
ec:5.3.99.5,path:map00590
ec:5.3.99.5,path:ec00590
ec:1.13.11.12,path:map00591
ec:1.13.11.12,path:ec00591
ec:1.13.11.33,path:map00591
ec:1.13.11.33,path:ec00591
ec:1.13.11.45,path:map00591
ec:1.13.11.45,path:ec00591
ec:1.13.11.58,path:map00591
ec:1.13.11.58,path:ec00591
ec:1.13.11.60,path:map00591
ec:1.13.11.60,path:ec00591
ec:1.13.11.62,path:map00591
ec:1.13.11.62,path:ec00591
ec:1.14.14.1,path:map00591
ec:1.14.14.1,path:ec00591
ec:1.14.19.3,path:map00591
ec:1.14.19.3,path:ec00591
ec:1.14.19.39,path:map00591
ec:1.14.19.39,path:ec00591
ec:3.1.1.4,path:map00591
ec:3.1.1.4,path:ec00591
ec:5.2.1.5,path:map00591
ec:5.2.1.5,path:ec00591
ec:5.4.4.5,path:map00591
ec:5.4.4.5,path:ec00591
ec:5.4.4.6,path:map00591
ec:5.4.4.6,path:ec00591
ec:1.1.1.1,path:map00592
ec:1.1.1.1,path:ec00592
ec:1.13.11.12,path:map00592
ec:1.13.11.12,path:ec00592
ec:1.3.1.42,path:map00592
ec:1.3.1.42,path:ec00592
ec:1.3.3.6,path:map00592
ec:1.3.3.6,path:ec00592
ec:2.1.1.141,path:map00592
ec:2.1.1.141,path:ec00592
ec:2.3.1.16,path:map00592
ec:2.3.1.16,path:ec00592
ec:2.3.1.195,path:map00592
ec:2.3.1.195,path:ec00592
ec:3.1.1.32,path:map00592
ec:3.1.1.32,path:ec00592
ec:3.1.1.4,path:map00592
ec:3.1.1.4,path:ec00592
ec:4.2.1.17,path:map00592
ec:4.2.1.17,path:ec00592
ec:4.2.1.92,path:map00592
ec:4.2.1.92,path:ec00592
ec:5.3.99.6,path:map00592
ec:5.3.99.6,path:ec00592
ec:1.1.1.102,path:map00600
ec:1.1.1.102,path:ec00600
ec:1.14.18.5,path:map00600
ec:1.14.18.5,path:ec00600
ec:1.14.19.17,path:map00600
ec:1.14.19.17,path:ec00600
ec:2.3.1.24,path:map00600
ec:2.3.1.24,path:ec00600
ec:2.3.1.50,path:map00600
ec:2.3.1.50,path:ec00600
ec:2.4.1.23,path:map00600
ec:2.4.1.23,path:ec00600
ec:2.4.1.274,path:map00600
ec:2.4.1.274,path:ec00600
ec:2.4.1.47,path:map00600
ec:2.4.1.47,path:ec00600
ec:2.4.1.80,path:map00600
ec:2.4.1.80,path:ec00600
ec:2.7.1.138,path:map00600
ec:2.7.1.138,path:ec00600
ec:2.7.1.91,path:map00600
ec:2.7.1.91,path:ec00600
ec:2.7.8.10,path:map00600
ec:2.7.8.10,path:ec00600
ec:2.7.8.27,path:map00600
ec:2.7.8.27,path:ec00600
ec:2.7.8.3,path:map00600
ec:2.7.8.3,path:ec00600
ec:2.8.2.11,path:map00600
ec:2.8.2.11,path:ec00600
ec:3.1.3.4,path:map00600
ec:3.1.3.4,path:ec00600
ec:3.1.4.12,path:map00600
ec:3.1.4.12,path:ec00600
ec:3.1.4.41,path:map00600
ec:3.1.4.41,path:ec00600
ec:3.1.6.1,path:map00600
ec:3.1.6.1,path:ec00600
ec:3.1.6.8,path:map00600
ec:3.1.6.8,path:ec00600
ec:3.2.1.18,path:map00600
ec:3.2.1.18,path:ec00600
ec:3.2.1.22,path:map00600
ec:3.2.1.22,path:ec00600
ec:3.2.1.23,path:map00600
ec:3.2.1.23,path:ec00600
ec:3.2.1.45,path:map00600
ec:3.2.1.45,path:ec00600
ec:3.2.1.46,path:map00600
ec:3.2.1.46,path:ec00600
ec:3.5.1.23,path:map00600
ec:3.5.1.23,path:ec00600
ec:4.1.2.27,path:map00600
ec:4.1.2.27,path:ec00600
ec:2.4.1.149,path:map00601
ec:2.4.1.149,path:ec00601
ec:2.4.1.150,path:map00601
ec:2.4.1.150,path:ec00601
ec:2.4.1.152,path:map00601
ec:2.4.1.152,path:ec00601
ec:2.4.1.206,path:map00601
ec:2.4.1.206,path:ec00601
ec:2.4.1.228,path:map00601
ec:2.4.1.228,path:ec00601
ec:2.4.1.275,path:map00601
ec:2.4.1.275,path:ec00601
ec:2.4.1.37,path:map00601
ec:2.4.1.37,path:ec00601
ec:2.4.1.40,path:map00601
ec:2.4.1.40,path:ec00601
ec:2.4.1.65,path:map00601
ec:2.4.1.65,path:ec00601
ec:2.4.1.69,path:map00601
ec:2.4.1.69,path:ec00601
ec:2.4.1.79,path:map00601
ec:2.4.1.79,path:ec00601
ec:2.4.1.86,path:map00601
ec:2.4.1.86,path:ec00601
ec:2.4.1.87,path:map00601
ec:2.4.1.87,path:ec00601
ec:2.4.99.4,path:map00601
ec:2.4.99.4,path:ec00601
ec:2.4.99.6,path:map00601
ec:2.4.99.6,path:ec00601
ec:2.4.99.8,path:map00601
ec:2.4.99.8,path:ec00601
ec:2.4.1.152,path:map00603
ec:2.4.1.152,path:ec00603
ec:2.4.1.179,path:map00603
ec:2.4.1.179,path:ec00603
ec:2.4.1.228,path:map00603
ec:2.4.1.228,path:ec00603
ec:2.4.1.69,path:map00603
ec:2.4.1.69,path:ec00603
ec:2.4.1.79,path:map00603
ec:2.4.1.79,path:ec00603
ec:2.4.1.87,path:map00603
ec:2.4.1.87,path:ec00603
ec:2.4.1.88,path:map00603
ec:2.4.1.88,path:ec00603
ec:2.4.99.4,path:map00603
ec:2.4.99.4,path:ec00603
ec:2.4.99.8,path:map00603
ec:2.4.99.8,path:ec00603
ec:3.2.1.22,path:map00603
ec:3.2.1.22,path:ec00603
ec:3.2.1.47,path:map00603
ec:3.2.1.47,path:ec00603
ec:3.2.1.49,path:map00603
ec:3.2.1.49,path:ec00603
ec:3.2.1.52,path:map00603
ec:3.2.1.52,path:ec00603
ec:2.4.1.62,path:map00604
ec:2.4.1.62,path:ec00604
ec:2.4.1.92,path:map00604
ec:2.4.1.92,path:ec00604
ec:2.4.99.4,path:map00604
ec:2.4.99.4,path:ec00604
ec:2.4.99.7,path:map00604
ec:2.4.99.7,path:ec00604
ec:2.4.99.8,path:map00604
ec:2.4.99.8,path:ec00604
ec:2.4.99.9,path:map00604
ec:2.4.99.9,path:ec00604
ec:3.2.1.23,path:map00604
ec:3.2.1.23,path:ec00604
ec:3.2.1.52,path:map00604
ec:3.2.1.52,path:ec00604
ec:1.1.1.27,path:map00620
ec:1.1.1.27,path:ec00620
ec:1.1.1.28,path:map00620
ec:1.1.1.28,path:ec00620
ec:1.1.1.283,path:map00620
ec:1.1.1.283,path:ec00620
ec:1.1.1.37,path:map00620
ec:1.1.1.37,path:ec00620
ec:1.1.1.38,path:map00620
ec:1.1.1.38,path:ec00620
ec:1.1.1.39,path:map00620
ec:1.1.1.39,path:ec00620
ec:1.1.1.40,path:map00620
ec:1.1.1.40,path:ec00620
ec:1.1.1.78,path:map00620
ec:1.1.1.78,path:ec00620
ec:1.1.1.79,path:map00620
ec:1.1.1.79,path:ec00620
ec:1.1.1.82,path:map00620
ec:1.1.1.82,path:ec00620
ec:1.1.2.3,path:map00620
ec:1.1.2.3,path:ec00620
ec:1.1.2.4,path:map00620
ec:1.1.2.4,path:ec00620
ec:1.1.2.5,path:map00620
ec:1.1.2.5,path:ec00620
ec:1.1.5.12,path:map00620
ec:1.1.5.12,path:ec00620
ec:1.1.5.4,path:map00620
ec:1.1.5.4,path:ec00620
ec:1.1.99.40,path:map00620
ec:1.1.99.40,path:ec00620
ec:1.1.99.7,path:map00620
ec:1.1.99.7,path:ec00620
ec:1.13.12.4,path:map00620
ec:1.13.12.4,path:ec00620
ec:1.2.1.10,path:map00620
ec:1.2.1.10,path:ec00620
ec:1.2.1.22,path:map00620
ec:1.2.1.22,path:ec00620
ec:1.2.1.23,path:map00620
ec:1.2.1.23,path:ec00620
ec:1.2.1.3,path:map00620
ec:1.2.1.3,path:ec00620
ec:1.2.1.49,path:map00620
ec:1.2.1.49,path:ec00620
ec:1.2.3.3,path:map00620
ec:1.2.3.3,path:ec00620
ec:1.2.3.6,path:map00620
ec:1.2.3.6,path:ec00620
ec:1.2.4.1,path:map00620
ec:1.2.4.1,path:ec00620
ec:1.2.5.1,path:map00620
ec:1.2.5.1,path:ec00620
ec:1.2.5.2,path:map00620
ec:1.2.5.2,path:ec00620
ec:1.2.7.1,path:map00620
ec:1.2.7.1,path:ec00620
ec:1.2.7.11,path:map00620
ec:1.2.7.11,path:ec00620
ec:1.2.99.6,path:map00620
ec:1.2.99.6,path:ec00620
ec:1.3.5.4,path:map00620
ec:1.3.5.4,path:ec00620
ec:1.8.1.4,path:map00620
ec:1.8.1.4,path:ec00620
ec:2.3.1.12,path:map00620
ec:2.3.1.12,path:ec00620
ec:2.3.1.54,path:map00620
ec:2.3.1.54,path:ec00620
ec:2.3.1.8,path:map00620
ec:2.3.1.8,path:ec00620
ec:2.3.1.9,path:map00620
ec:2.3.1.9,path:ec00620
ec:2.3.3.13,path:map00620
ec:2.3.3.13,path:ec00620
ec:2.3.3.14,path:map00620
ec:2.3.3.14,path:ec00620
ec:2.3.3.6,path:map00620
ec:2.3.3.6,path:ec00620
ec:2.3.3.9,path:map00620
ec:2.3.3.9,path:ec00620
ec:2.7.1.40,path:map00620
ec:2.7.1.40,path:ec00620
ec:2.7.2.1,path:map00620
ec:2.7.2.1,path:ec00620
ec:2.7.2.12,path:map00620
ec:2.7.2.12,path:ec00620
ec:2.7.9.1,path:map00620
ec:2.7.9.1,path:ec00620
ec:2.7.9.2,path:map00620
ec:2.7.9.2,path:ec00620
ec:2.8.3.1,path:map00620
ec:2.8.3.1,path:ec00620
ec:2.8.3.18,path:map00620
ec:2.8.3.18,path:ec00620
ec:3.1.2.1,path:map00620
ec:3.1.2.1,path:ec00620
ec:3.1.2.6,path:map00620
ec:3.1.2.6,path:ec00620
ec:3.6.1.7,path:map00620
ec:3.6.1.7,path:ec00620
ec:4.1.1.101,path:map00620
ec:4.1.1.101,path:ec00620
ec:4.1.1.3,path:map00620
ec:4.1.1.3,path:ec00620
ec:4.1.1.31,path:map00620
ec:4.1.1.31,path:ec00620
ec:4.1.1.32,path:map00620
ec:4.1.1.32,path:ec00620
ec:4.1.1.38,path:map00620
ec:4.1.1.38,path:ec00620
ec:4.1.1.49,path:map00620
ec:4.1.1.49,path:ec00620
ec:4.1.1.78,path:map00620
ec:4.1.1.78,path:ec00620
ec:4.1.2.36,path:map00620
ec:4.1.2.36,path:ec00620
ec:4.2.1.130,path:map00620
ec:4.2.1.130,path:ec00620
ec:4.2.1.2,path:map00620
ec:4.2.1.2,path:ec00620
ec:4.4.1.5,path:map00620
ec:4.4.1.5,path:ec00620
ec:5.1.2.1,path:map00620
ec:5.1.2.1,path:ec00620
ec:6.2.1.1,path:map00620
ec:6.2.1.1,path:ec00620
ec:6.2.1.13,path:map00620
ec:6.2.1.13,path:ec00620
ec:6.4.1.1,path:map00620
ec:6.4.1.1,path:ec00620
ec:6.4.1.2,path:map00620
ec:6.4.1.2,path:ec00620
ec:1.13.11.39,path:map00621
ec:1.13.11.39,path:ec00621
ec:1.14.12.18,path:map00621
ec:1.14.12.18,path:ec00621
ec:1.14.12.22,path:map00621
ec:1.14.12.22,path:ec00621
ec:1.14.13.1,path:map00621
ec:1.14.13.1,path:ec00621
ec:1.2.1.10,path:map00621
ec:1.2.1.10,path:ec00621
ec:1.3.1.56,path:map00621
ec:1.3.1.56,path:ec00621
ec:3.7.1.13,path:map00621
ec:3.7.1.13,path:ec00621
ec:3.7.1.8,path:map00621
ec:3.7.1.8,path:ec00621
ec:4.1.1.77,path:map00621
ec:4.1.1.77,path:ec00621
ec:4.1.3.39,path:map00621
ec:4.1.3.39,path:ec00621
ec:4.2.1.80,path:map00621
ec:4.2.1.80,path:ec00621
ec:5.3.2.6,path:map00621
ec:5.3.2.6,path:ec00621
ec:1.1.1.90,path:map00622
ec:1.1.1.90,path:ec00622
ec:1.13.11.2,path:map00622
ec:1.13.11.2,path:ec00622
ec:1.14.12.25,path:map00622
ec:1.14.12.25,path:ec00622
ec:1.2.1.10,path:map00622
ec:1.2.1.10,path:ec00622
ec:1.2.1.28,path:map00622
ec:1.2.1.28,path:ec00622
ec:1.2.1.29,path:map00622
ec:1.2.1.29,path:ec00622
ec:1.2.1.7,path:map00622
ec:1.2.1.7,path:ec00622
ec:1.2.1.85,path:map00622
ec:1.2.1.85,path:ec00622
ec:1.2.1.87,path:map00622
ec:1.2.1.87,path:ec00622
ec:1.3.1.58,path:map00622
ec:1.3.1.58,path:ec00622
ec:1.3.1.67,path:map00622
ec:1.3.1.67,path:ec00622
ec:1.3.1.68,path:map00622
ec:1.3.1.68,path:ec00622
ec:3.7.1.9,path:map00622
ec:3.7.1.9,path:ec00622
ec:4.1.1.77,path:map00622
ec:4.1.1.77,path:ec00622
ec:4.1.3.39,path:map00622
ec:4.1.3.39,path:ec00622
ec:4.1.3.43,path:map00622
ec:4.1.3.43,path:ec00622
ec:4.2.1.132,path:map00622
ec:4.2.1.132,path:ec00622
ec:4.2.1.80,path:map00622
ec:4.2.1.80,path:ec00622
ec:5.3.2.6,path:map00622
ec:5.3.2.6,path:ec00622
ec:1.1.1.257,path:map00623
ec:1.1.1.257,path:ec00623
ec:1.1.1.35,path:map00623
ec:1.1.1.35,path:ec00623
ec:1.1.1.90,path:map00623
ec:1.1.1.90,path:ec00623
ec:1.1.1.97,path:map00623
ec:1.1.1.97,path:ec00623
ec:1.13.11.1,path:map00623
ec:1.13.11.1,path:ec00623
ec:1.14.12.11,path:map00623
ec:1.14.12.11,path:ec00623
ec:1.14.12.14,path:map00623
ec:1.14.12.14,path:ec00623
ec:1.14.12.8,path:map00623
ec:1.14.12.8,path:ec00623
ec:1.14.13.236,path:map00623
ec:1.14.13.236,path:ec00623
ec:1.14.13.7,path:map00623
ec:1.14.13.7,path:ec00623
ec:1.17.99.1,path:map00623
ec:1.17.99.1,path:ec00623
ec:1.2.1.28,path:map00623
ec:1.2.1.28,path:ec00623
ec:1.2.1.62,path:map00623
ec:1.2.1.62,path:ec00623
ec:1.2.1.64,path:map00623
ec:1.2.1.64,path:ec00623
ec:1.2.1.7,path:map00623
ec:1.2.1.7,path:ec00623
ec:1.2.1.96,path:map00623
ec:1.2.1.96,path:ec00623
ec:1.3.1.19,path:map00623
ec:1.3.1.19,path:ec00623
ec:1.3.1.32,path:map00623
ec:1.3.1.32,path:ec00623
ec:1.3.8.3,path:map00623
ec:1.3.8.3,path:ec00623
ec:2.8.3.15,path:map00623
ec:2.8.3.15,path:ec00623
ec:3.1.1.45,path:map00623
ec:3.1.1.45,path:ec00623
ec:4.1.99.11,path:map00623
ec:4.1.99.11,path:ec00623
ec:5.4.99.14,path:map00623
ec:5.4.99.14,path:ec00623
ec:5.5.1.1,path:map00623
ec:5.5.1.1,path:ec00623
ec:5.5.1.7,path:map00623
ec:5.5.1.7,path:ec00623
ec:1.1.1.256,path:map00624
ec:1.1.1.256,path:ec00624
ec:1.13.11.3,path:map00624
ec:1.13.11.3,path:ec00624
ec:1.13.11.38,path:map00624
ec:1.13.11.38,path:ec00624
ec:1.13.11.8,path:map00624
ec:1.13.11.8,path:ec00624
ec:1.14.12.12,path:map00624
ec:1.14.12.12,path:ec00624
ec:1.14.12.15,path:map00624
ec:1.14.12.15,path:ec00624
ec:1.14.12.7,path:map00624
ec:1.14.12.7,path:ec00624
ec:1.14.13.1,path:map00624
ec:1.14.13.1,path:ec00624
ec:1.14.13.23,path:map00624
ec:1.14.13.23,path:ec00624
ec:1.2.1.78,path:map00624
ec:1.2.1.78,path:ec00624
ec:1.3.1.19,path:map00624
ec:1.3.1.19,path:ec00624
ec:1.3.1.29,path:map00624
ec:1.3.1.29,path:ec00624
ec:1.3.1.49,path:map00624
ec:1.3.1.49,path:ec00624
ec:1.3.1.53,path:map00624
ec:1.3.1.53,path:ec00624
ec:1.3.1.64,path:map00624
ec:1.3.1.64,path:ec00624
ec:3.1.1.35,path:map00624
ec:3.1.1.35,path:ec00624
ec:4.1.1.55,path:map00624
ec:4.1.1.55,path:ec00624
ec:4.1.1.69,path:map00624
ec:4.1.1.69,path:ec00624
ec:4.1.2.34,path:map00624
ec:4.1.2.34,path:ec00624
ec:1.1.1.1,path:map00625
ec:1.1.1.1,path:ec00625
ec:1.1.2.7,path:map00625
ec:1.1.2.7,path:ec00625
ec:1.1.2.8,path:map00625
ec:1.1.2.8,path:ec00625
ec:1.14.12.11,path:map00625
ec:1.14.12.11,path:ec00625
ec:1.14.13.69,path:map00625
ec:1.14.13.69,path:ec00625
ec:1.18.6.1,path:map00625
ec:1.18.6.1,path:ec00625
ec:1.2.1.3,path:map00625
ec:1.2.1.3,path:ec00625
ec:1.2.1.46,path:map00625
ec:1.2.1.46,path:ec00625
ec:1.2.98.1,path:map00625
ec:1.2.98.1,path:ec00625
ec:1.21.99.5,path:map00625
ec:1.21.99.5,path:ec00625
ec:3.3.2.10,path:map00625
ec:3.3.2.10,path:ec00625
ec:3.8.1.2,path:map00625
ec:3.8.1.2,path:ec00625
ec:3.8.1.3,path:map00625
ec:3.8.1.3,path:ec00625
ec:3.8.1.5,path:map00625
ec:3.8.1.5,path:ec00625
ec:4.2.1.112,path:map00625
ec:4.2.1.112,path:ec00625
ec:4.4.1.23,path:map00625
ec:4.4.1.23,path:ec00625
ec:4.5.1.3,path:map00625
ec:4.5.1.3,path:ec00625
ec:1.1.1.1,path:map00626
ec:1.1.1.1,path:ec00626
ec:1.13.11.56,path:map00626
ec:1.13.11.56,path:ec00626
ec:1.14.12.12,path:map00626
ec:1.14.12.12,path:ec00626
ec:1.14.13.1,path:map00626
ec:1.14.13.1,path:ec00626
ec:1.14.13.172,path:map00626
ec:1.14.13.172,path:ec00626
ec:1.2.1.65,path:map00626
ec:1.2.1.65,path:ec00626
ec:1.3.1.29,path:map00626
ec:1.3.1.29,path:ec00626
ec:4.1.2.45,path:map00626
ec:4.1.2.45,path:ec00626
ec:5.99.1.4,path:map00626
ec:5.99.1.4,path:ec00626
ec:1.1.1.312,path:map00627
ec:1.1.1.312,path:ec00627
ec:1.1.3.19,path:map00627
ec:1.1.3.19,path:ec00627
ec:1.1.3.38,path:map00627
ec:1.1.3.38,path:ec00627
ec:1.1.99.31,path:map00627
ec:1.1.99.31,path:ec00627
ec:1.13.11.57,path:map00627
ec:1.13.11.57,path:ec00627
ec:1.13.11.74,path:map00627
ec:1.13.11.74,path:ec00627
ec:1.13.11.8,path:map00627
ec:1.13.11.8,path:ec00627
ec:1.14.12.1,path:map00627
ec:1.14.12.1,path:ec00627
ec:1.14.12.23,path:map00627
ec:1.14.12.23,path:ec00627
ec:1.14.13.12,path:map00627
ec:1.14.13.12,path:ec00627
ec:1.14.13.167,path:map00627
ec:1.14.13.167,path:ec00627
ec:1.14.13.27,path:map00627
ec:1.14.13.27,path:ec00627
ec:1.14.13.29,path:map00627
ec:1.14.13.29,path:ec00627
ec:1.14.13.35,path:map00627
ec:1.14.13.35,path:ec00627
ec:1.14.13.40,path:map00627
ec:1.14.13.40,path:ec00627
ec:1.14.13.7,path:map00627
ec:1.14.13.7,path:ec00627
ec:1.14.13.82,path:map00627
ec:1.14.13.82,path:ec00627
ec:1.14.14.1,path:map00627
ec:1.14.14.1,path:ec00627
ec:1.14.16.6,path:map00627
ec:1.14.16.6,path:ec00627
ec:1.2.1.28,path:map00627
ec:1.2.1.28,path:ec00627
ec:1.2.1.64,path:map00627
ec:1.2.1.64,path:ec00627
ec:1.2.1.67,path:map00627
ec:1.2.1.67,path:ec00627
ec:1.2.1.7,path:map00627
ec:1.2.1.7,path:ec00627
ec:1.3.1.57,path:map00627
ec:1.3.1.57,path:ec00627
ec:1.3.7.9,path:map00627
ec:1.3.7.9,path:ec00627
ec:1.6.5.6,path:map00627
ec:1.6.5.6,path:ec00627
ec:1.6.5.7,path:map00627
ec:1.6.5.7,path:ec00627
ec:1.7.1.16,path:map00627
ec:1.7.1.16,path:ec00627
ec:1.97.1.2,path:map00627
ec:1.97.1.2,path:ec00627
ec:2.1.1.341,path:map00627
ec:2.1.1.341,path:ec00627
ec:2.8.3.8,path:map00627
ec:2.8.3.8,path:ec00627
ec:3.1.1.57,path:map00627
ec:3.1.1.57,path:ec00627
ec:3.1.1.92,path:map00627
ec:3.1.1.92,path:ec00627
ec:3.1.3.41,path:map00627
ec:3.1.3.41,path:ec00627
ec:3.1.8.1,path:map00627
ec:3.1.8.1,path:ec00627
ec:3.5.1.4,path:map00627
ec:3.5.1.4,path:ec00627
ec:3.5.1.86,path:map00627
ec:3.5.1.86,path:ec00627
ec:3.5.5.1,path:map00627
ec:3.5.5.1,path:ec00627
ec:3.6.1.7,path:map00627
ec:3.6.1.7,path:ec00627
ec:4.1.1.46,path:map00627
ec:4.1.1.46,path:ec00627
ec:4.1.1.59,path:map00627
ec:4.1.1.59,path:ec00627
ec:4.1.1.61,path:map00627
ec:4.1.1.61,path:ec00627
ec:4.1.1.7,path:map00627
ec:4.1.1.7,path:ec00627
ec:4.2.1.17,path:map00627
ec:4.2.1.17,path:ec00627
ec:4.2.1.84,path:map00627
ec:4.2.1.84,path:ec00627
ec:5.1.2.2,path:map00627
ec:5.1.2.2,path:ec00627
ec:5.4.4.1,path:map00627
ec:5.4.4.1,path:ec00627
ec:5.4.4.3,path:map00627
ec:5.4.4.3,path:ec00627
ec:6.2.1.25,path:map00627
ec:6.2.1.25,path:ec00627
ec:6.2.1.27,path:map00627
ec:6.2.1.27,path:ec00627
ec:6.2.1.32,path:map00627
ec:6.2.1.32,path:ec00627
ec:1.1.1.26,path:map00630
ec:1.1.1.26,path:ec00630
ec:1.1.1.29,path:map00630
ec:1.1.1.29,path:ec00630
ec:1.1.1.36,path:map00630
ec:1.1.1.36,path:ec00630
ec:1.1.1.37,path:map00630
ec:1.1.1.37,path:ec00630
ec:1.1.1.60,path:map00630
ec:1.1.1.60,path:ec00630
ec:1.1.1.77,path:map00630
ec:1.1.1.77,path:ec00630
ec:1.1.1.79,path:map00630
ec:1.1.1.79,path:ec00630
ec:1.1.1.81,path:map00630
ec:1.1.1.81,path:ec00630
ec:1.1.1.92,path:map00630
ec:1.1.1.92,path:ec00630
ec:1.1.1.93,path:map00630
ec:1.1.1.93,path:ec00630
ec:1.1.3.15,path:map00630
ec:1.1.3.15,path:ec00630
ec:1.1.99.14,path:map00630
ec:1.1.99.14,path:ec00630
ec:1.11.1.6,path:map00630
ec:1.11.1.6,path:ec00630
ec:1.17.1.9,path:map00630
ec:1.17.1.9,path:ec00630
ec:1.2.1.17,path:map00630
ec:1.2.1.17,path:ec00630
ec:1.2.1.21,path:map00630
ec:1.2.1.21,path:ec00630
ec:1.2.2.1,path:map00630
ec:1.2.2.1,path:ec00630
ec:1.2.3.4,path:map00630
ec:1.2.3.4,path:ec00630
ec:1.2.3.5,path:map00630
ec:1.2.3.5,path:ec00630
ec:1.3.1.7,path:map00630
ec:1.3.1.7,path:ec00630
ec:1.3.1.85,path:map00630
ec:1.3.1.85,path:ec00630
ec:1.3.8.12,path:map00630
ec:1.3.8.12,path:ec00630
ec:1.4.7.1,path:map00630
ec:1.4.7.1,path:ec00630
ec:2.1.2.1,path:map00630
ec:2.1.2.1,path:ec00630
ec:2.2.1.5,path:map00630
ec:2.2.1.5,path:ec00630
ec:2.3.1.9,path:map00630
ec:2.3.1.9,path:ec00630
ec:2.3.3.1,path:map00630
ec:2.3.3.1,path:ec00630
ec:2.3.3.12,path:map00630
ec:2.3.3.12,path:ec00630
ec:2.3.3.7,path:map00630
ec:2.3.3.7,path:ec00630
ec:2.3.3.9,path:map00630
ec:2.3.3.9,path:ec00630
ec:2.6.1.4,path:map00630
ec:2.6.1.4,path:ec00630
ec:2.6.1.45,path:map00630
ec:2.6.1.45,path:ec00630
ec:2.7.1.165,path:map00630
ec:2.7.1.165,path:ec00630
ec:2.7.1.31,path:map00630
ec:2.7.1.31,path:ec00630
ec:2.7.2.6,path:map00630
ec:2.7.2.6,path:ec00630
ec:2.8.3.2,path:map00630
ec:2.8.3.2,path:ec00630
ec:3.1.2.10,path:map00630
ec:3.1.2.10,path:ec00630
ec:3.1.2.30,path:map00630
ec:3.1.2.30,path:ec00630
ec:3.1.3.18,path:map00630
ec:3.1.3.18,path:ec00630
ec:3.3.2.4,path:map00630
ec:3.3.2.4,path:ec00630
ec:3.5.1.10,path:map00630
ec:3.5.1.10,path:ec00630
ec:3.5.1.31,path:map00630
ec:3.5.1.31,path:ec00630
ec:3.5.1.49,path:map00630
ec:3.5.1.49,path:ec00630
ec:3.5.1.56,path:map00630
ec:3.5.1.56,path:ec00630
ec:3.5.1.68,path:map00630
ec:3.5.1.68,path:ec00630
ec:3.5.1.8,path:map00630
ec:3.5.1.8,path:ec00630
ec:3.5.1.9,path:map00630
ec:3.5.1.9,path:ec00630
ec:4.1.1.2,path:map00630
ec:4.1.1.2,path:ec00630
ec:4.1.1.39,path:map00630
ec:4.1.1.39,path:ec00630
ec:4.1.1.40,path:map00630
ec:4.1.1.40,path:ec00630
ec:4.1.1.47,path:map00630
ec:4.1.1.47,path:ec00630
ec:4.1.1.54,path:map00630
ec:4.1.1.54,path:ec00630
ec:4.1.1.8,path:map00630
ec:4.1.1.8,path:ec00630
ec:4.1.3.1,path:map00630
ec:4.1.3.1,path:ec00630
ec:4.1.3.13,path:map00630
ec:4.1.3.13,path:ec00630
ec:4.1.3.16,path:map00630
ec:4.1.3.16,path:ec00630
ec:4.1.3.24,path:map00630
ec:4.1.3.24,path:ec00630
ec:4.1.3.42,path:map00630
ec:4.1.3.42,path:ec00630
ec:4.2.1.148,path:map00630
ec:4.2.1.148,path:ec00630
ec:4.2.1.3,path:map00630
ec:4.2.1.3,path:ec00630
ec:4.2.1.32,path:map00630
ec:4.2.1.32,path:ec00630
ec:4.2.1.55,path:map00630
ec:4.2.1.55,path:ec00630
ec:4.3.1.2,path:map00630
ec:4.3.1.2,path:ec00630
ec:5.1.2.5,path:map00630
ec:5.1.2.5,path:ec00630
ec:5.1.99.1,path:map00630
ec:5.1.99.1,path:ec00630
ec:5.3.1.22,path:map00630
ec:5.3.1.22,path:ec00630
ec:5.4.99.1,path:map00630
ec:5.4.99.1,path:ec00630
ec:5.4.99.2,path:map00630
ec:5.4.99.2,path:ec00630
ec:5.4.99.63,path:map00630
ec:5.4.99.63,path:ec00630
ec:6.2.1.8,path:map00630
ec:6.2.1.8,path:ec00630
ec:6.2.1.9,path:map00630
ec:6.2.1.9,path:ec00630
ec:6.3.1.2,path:map00630
ec:6.3.1.2,path:ec00630
ec:6.4.1.3,path:map00630
ec:6.4.1.3,path:ec00630
ec:1.12.99.6,path:map00633
ec:1.12.99.6,path:ec00633
ec:1.14.12.24,path:map00633
ec:1.14.12.24,path:ec00633
ec:1.14.13.210,path:map00633
ec:1.14.13.210,path:ec00633
ec:1.2.7.1,path:map00633
ec:1.2.7.1,path:ec00633
ec:1.2.7.4,path:map00633
ec:1.2.7.4,path:ec00633
ec:1.8.99.5,path:map00633
ec:1.8.99.5,path:ec00633
ec:2.3.1.5,path:map00633
ec:2.3.1.5,path:ec00633
ec:1.1.1.202,path:map00640
ec:1.1.1.202,path:ec00640
ec:1.1.1.27,path:map00640
ec:1.1.1.27,path:ec00640
ec:1.1.1.283,path:map00640
ec:1.1.1.283,path:ec00640
ec:1.1.1.59,path:map00640
ec:1.1.1.59,path:ec00640
ec:1.1.1.6,path:map00640
ec:1.1.1.6,path:ec00640
ec:1.1.1.77,path:map00640
ec:1.1.1.77,path:ec00640
ec:1.1.1.80,path:map00640
ec:1.1.1.80,path:ec00640
ec:1.14.13.226,path:map00640
ec:1.14.13.226,path:ec00640
ec:1.14.13.227,path:map00640
ec:1.14.13.227,path:ec00640
ec:1.2.1.18,path:map00640
ec:1.2.1.18,path:ec00640
ec:1.2.1.27,path:map00640
ec:1.2.1.27,path:ec00640
ec:1.2.1.75,path:map00640
ec:1.2.1.75,path:ec00640
ec:1.2.1.87,path:map00640
ec:1.2.1.87,path:ec00640
ec:1.2.4.4,path:map00640
ec:1.2.4.4,path:ec00640
ec:1.2.7.1,path:map00640
ec:1.2.7.1,path:ec00640
ec:1.3.1.95,path:map00640
ec:1.3.1.95,path:ec00640
ec:1.3.8.7,path:map00640
ec:1.3.8.7,path:ec00640
ec:1.8.1.4,path:map00640
ec:1.8.1.4,path:ec00640
ec:2.1.3.1,path:map00640
ec:2.1.3.1,path:ec00640
ec:2.3.1.168,path:map00640
ec:2.3.1.168,path:ec00640
ec:2.3.1.222,path:map00640
ec:2.3.1.222,path:ec00640
ec:2.3.1.54,path:map00640
ec:2.3.1.54,path:ec00640
ec:2.3.1.8,path:map00640
ec:2.3.1.8,path:ec00640
ec:2.3.1.9,path:map00640
ec:2.3.1.9,path:ec00640
ec:2.3.3.5,path:map00640
ec:2.3.3.5,path:ec00640
ec:2.6.1.18,path:map00640
ec:2.6.1.18,path:ec00640
ec:2.6.1.19,path:map00640
ec:2.6.1.19,path:ec00640
ec:2.7.2.1,path:map00640
ec:2.7.2.1,path:ec00640
ec:2.7.2.15,path:map00640
ec:2.7.2.15,path:ec00640
ec:2.8.3.1,path:map00640
ec:2.8.3.1,path:ec00640
ec:2.8.3.8,path:map00640
ec:2.8.3.8,path:ec00640
ec:3.1.2.17,path:map00640
ec:3.1.2.17,path:ec00640
ec:3.1.2.4,path:map00640
ec:3.1.2.4,path:ec00640
ec:4.1.1.4,path:map00640
ec:4.1.1.4,path:ec00640
ec:4.1.1.41,path:map00640
ec:4.1.1.41,path:ec00640
ec:4.1.1.9,path:map00640
ec:4.1.1.9,path:ec00640
ec:4.1.3.30,path:map00640
ec:4.1.3.30,path:ec00640
ec:4.2.1.117,path:map00640
ec:4.2.1.117,path:ec00640
ec:4.2.1.17,path:map00640
ec:4.2.1.17,path:ec00640
ec:4.2.1.27,path:map00640
ec:4.2.1.27,path:ec00640
ec:4.2.1.28,path:map00640
ec:4.2.1.28,path:ec00640
ec:4.2.1.54,path:map00640
ec:4.2.1.54,path:ec00640
ec:4.2.1.79,path:map00640
ec:4.2.1.79,path:ec00640
ec:4.2.1.99,path:map00640
ec:4.2.1.99,path:ec00640
ec:4.2.3.3,path:map00640
ec:4.2.3.3,path:ec00640
ec:4.3.1.6,path:map00640
ec:4.3.1.6,path:ec00640
ec:5.1.99.1,path:map00640
ec:5.1.99.1,path:ec00640
ec:5.4.99.2,path:map00640
ec:5.4.99.2,path:ec00640
ec:6.2.1.1,path:map00640
ec:6.2.1.1,path:ec00640
ec:6.2.1.13,path:map00640
ec:6.2.1.13,path:ec00640
ec:6.2.1.17,path:map00640
ec:6.2.1.17,path:ec00640
ec:6.2.1.4,path:map00640
ec:6.2.1.4,path:ec00640
ec:6.2.1.5,path:map00640
ec:6.2.1.5,path:ec00640
ec:6.4.1.2,path:map00640
ec:6.4.1.2,path:ec00640
ec:6.4.1.3,path:map00640
ec:6.4.1.3,path:ec00640
ec:1.1.1.311,path:map00642
ec:1.1.1.311,path:ec00642
ec:1.14.12.12,path:map00642
ec:1.14.12.12,path:ec00642
ec:1.17.99.2,path:map00642
ec:1.17.99.2,path:ec00642
ec:1.3.1.66,path:map00642
ec:1.3.1.66,path:ec00642
ec:2.3.1.16,path:map00642
ec:2.3.1.16,path:ec00642
ec:6.4.1.8,path:map00642
ec:6.4.1.8,path:ec00642
ec:1.13.11.2,path:map00643
ec:1.13.11.2,path:ec00643
ec:1.13.11.5,path:map00643
ec:1.13.11.5,path:ec00643
ec:1.14.13.63,path:map00643
ec:1.14.13.63,path:ec00643
ec:1.14.14.11,path:map00643
ec:1.14.14.11,path:ec00643
ec:1.14.14.54,path:map00643
ec:1.14.14.54,path:ec00643
ec:1.2.1.39,path:map00643
ec:1.2.1.39,path:ec00643
ec:1.3.1.19,path:map00643
ec:1.3.1.19,path:ec00643
ec:2.8.3.1,path:map00643
ec:2.8.3.1,path:ec00643
ec:2.8.3.12,path:map00643
ec:2.8.3.12,path:ec00643
ec:3.5.1.4,path:map00643
ec:3.5.1.4,path:ec00643
ec:3.5.5.1,path:map00643
ec:3.5.5.1,path:ec00643
ec:3.5.5.7,path:map00643
ec:3.5.5.7,path:ec00643
ec:3.7.1.2,path:map00643
ec:3.7.1.2,path:ec00643
ec:3.7.1.9,path:map00643
ec:3.7.1.9,path:ec00643
ec:4.2.1.54,path:map00643
ec:4.2.1.54,path:ec00643
ec:4.2.1.84,path:map00643
ec:4.2.1.84,path:ec00643
ec:4.99.1.7,path:map00643
ec:4.99.1.7,path:ec00643
ec:5.2.1.2,path:map00643
ec:5.2.1.2,path:ec00643
ec:5.3.99.7,path:map00643
ec:5.3.99.7,path:ec00643
ec:1.1.1.157,path:map00650
ec:1.1.1.157,path:ec00650
ec:1.1.1.30,path:map00650
ec:1.1.1.30,path:ec00650
ec:1.1.1.303,path:map00650
ec:1.1.1.303,path:ec00650
ec:1.1.1.304,path:map00650
ec:1.1.1.304,path:ec00650
ec:1.1.1.35,path:map00650
ec:1.1.1.35,path:ec00650
ec:1.1.1.36,path:map00650
ec:1.1.1.36,path:ec00650
ec:1.1.1.4,path:map00650
ec:1.1.1.4,path:ec00650
ec:1.1.1.61,path:map00650
ec:1.1.1.61,path:ec00650
ec:1.1.1.76,path:map00650
ec:1.1.1.76,path:ec00650
ec:1.1.1.83,path:map00650
ec:1.1.1.83,path:ec00650
ec:1.1.99.2,path:map00650
ec:1.1.99.2,path:ec00650
ec:1.14.13.230,path:map00650
ec:1.14.13.230,path:ec00650
ec:1.2.1.10,path:map00650
ec:1.2.1.10,path:ec00650
ec:1.2.1.16,path:map00650
ec:1.2.1.16,path:ec00650
ec:1.2.1.24,path:map00650
ec:1.2.1.24,path:ec00650
ec:1.2.1.57,path:map00650
ec:1.2.1.57,path:ec00650
ec:1.2.1.76,path:map00650
ec:1.2.1.76,path:ec00650
ec:1.2.1.79,path:map00650
ec:1.2.1.79,path:ec00650
ec:1.2.7.1,path:map00650
ec:1.2.7.1,path:ec00650
ec:1.2.7.11,path:map00650
ec:1.2.7.11,path:ec00650
ec:1.3.1.44,path:map00650
ec:1.3.1.44,path:ec00650
ec:1.3.1.86,path:map00650
ec:1.3.1.86,path:ec00650
ec:1.3.5.1,path:map00650
ec:1.3.5.1,path:ec00650
ec:1.3.5.4,path:map00650
ec:1.3.5.4,path:ec00650
ec:1.3.8.1,path:map00650
ec:1.3.8.1,path:ec00650
ec:2.2.1.6,path:map00650
ec:2.2.1.6,path:ec00650
ec:2.3.1.19,path:map00650
ec:2.3.1.19,path:ec00650
ec:2.3.1.54,path:map00650
ec:2.3.1.54,path:ec00650
ec:2.3.1.9,path:map00650
ec:2.3.1.9,path:ec00650
ec:2.3.3.10,path:map00650
ec:2.3.3.10,path:ec00650
ec:2.6.1.19,path:map00650
ec:2.6.1.19,path:ec00650
ec:2.6.1.96,path:map00650
ec:2.6.1.96,path:ec00650
ec:2.7.2.7,path:map00650
ec:2.7.2.7,path:ec00650
ec:2.8.3.12,path:map00650
ec:2.8.3.12,path:ec00650
ec:2.8.3.18,path:map00650
ec:2.8.3.18,path:ec00650
ec:2.8.3.5,path:map00650
ec:2.8.3.5,path:ec00650
ec:2.8.3.8,path:map00650
ec:2.8.3.8,path:ec00650
ec:3.1.1.22,path:map00650
ec:3.1.1.22,path:ec00650
ec:3.1.1.75,path:map00650
ec:3.1.1.75,path:ec00650
ec:3.1.2.11,path:map00650
ec:3.1.2.11,path:ec00650
ec:4.1.1.15,path:map00650
ec:4.1.1.15,path:ec00650
ec:4.1.1.5,path:map00650
ec:4.1.1.5,path:ec00650
ec:4.1.1.70,path:map00650
ec:4.1.1.70,path:ec00650
ec:4.1.3.4,path:map00650
ec:4.1.3.4,path:ec00650
ec:4.2.1.120,path:map00650
ec:4.2.1.120,path:ec00650
ec:4.2.1.17,path:map00650
ec:4.2.1.17,path:ec00650
ec:4.2.1.27,path:map00650
ec:4.2.1.27,path:ec00650
ec:4.2.1.31,path:map00650
ec:4.2.1.31,path:ec00650
ec:4.2.1.55,path:map00650
ec:4.2.1.55,path:ec00650
ec:5.1.2.3,path:map00650
ec:5.1.2.3,path:ec00650
ec:5.1.2.4,path:map00650
ec:5.1.2.4,path:ec00650
ec:5.2.1.1,path:map00650
ec:5.2.1.1,path:ec00650
ec:5.3.3.3,path:map00650
ec:5.3.3.3,path:ec00650
ec:6.2.1.16,path:map00650
ec:6.2.1.16,path:ec00650
ec:6.2.1.2,path:map00650
ec:6.2.1.2,path:ec00650
ec:1.1.1.85,path:map00660
ec:1.1.1.85,path:ec00660
ec:2.2.1.6,path:map00660
ec:2.2.1.6,path:ec00660
ec:2.3.1.182,path:map00660
ec:2.3.1.182,path:ec00660
ec:2.3.3.11,path:map00660
ec:2.3.3.11,path:ec00660
ec:2.8.3.11,path:map00660
ec:2.8.3.11,path:ec00660
ec:2.8.3.22,path:map00660
ec:2.8.3.22,path:ec00660
ec:3.5.1.67,path:map00660
ec:3.5.1.67,path:ec00660
ec:4.1.1.5,path:map00660
ec:4.1.1.5,path:ec00660
ec:4.1.1.6,path:map00660
ec:4.1.1.6,path:ec00660
ec:4.1.3.17,path:map00660
ec:4.1.3.17,path:ec00660
ec:4.1.3.22,path:map00660
ec:4.1.3.22,path:ec00660
ec:4.1.3.24,path:map00660
ec:4.1.3.24,path:ec00660
ec:4.1.3.25,path:map00660
ec:4.1.3.25,path:ec00660
ec:4.2.1.148,path:map00660
ec:4.2.1.148,path:ec00660
ec:4.2.1.34,path:map00660
ec:4.2.1.34,path:ec00660
ec:4.2.1.35,path:map00660
ec:4.2.1.35,path:ec00660
ec:4.2.1.56,path:map00660
ec:4.2.1.56,path:ec00660
ec:4.3.1.2,path:map00660
ec:4.3.1.2,path:ec00660
ec:5.3.3.7,path:map00660
ec:5.3.3.7,path:ec00660
ec:5.4.99.1,path:map00660
ec:5.4.99.1,path:ec00660
ec:6.2.1.5,path:map00660
ec:6.2.1.5,path:ec00660
ec:6.3.1.7,path:map00660
ec:6.3.1.7,path:ec00660
ec:1.5.1.15,path:map00670
ec:1.5.1.15,path:ec00670
ec:1.5.1.20,path:map00670
ec:1.5.1.20,path:ec00670
ec:1.5.1.3,path:map00670
ec:1.5.1.3,path:ec00670
ec:1.5.1.5,path:map00670
ec:1.5.1.5,path:ec00670
ec:1.5.1.6,path:map00670
ec:1.5.1.6,path:ec00670
ec:1.5.7.1,path:map00670
ec:1.5.7.1,path:ec00670
ec:2.1.1.13,path:map00670
ec:2.1.1.13,path:ec00670
ec:2.1.1.148,path:map00670
ec:2.1.1.148,path:ec00670
ec:2.1.1.19,path:map00670
ec:2.1.1.19,path:ec00670
ec:2.1.1.45,path:map00670
ec:2.1.1.45,path:ec00670
ec:2.1.2.1,path:map00670
ec:2.1.2.1,path:ec00670
ec:2.1.2.10,path:map00670
ec:2.1.2.10,path:ec00670
ec:2.1.2.2,path:map00670
ec:2.1.2.2,path:ec00670
ec:2.1.2.3,path:map00670
ec:2.1.2.3,path:ec00670
ec:2.1.2.4,path:map00670
ec:2.1.2.4,path:ec00670
ec:2.1.2.5,path:map00670
ec:2.1.2.5,path:ec00670
ec:2.1.2.7,path:map00670
ec:2.1.2.7,path:ec00670
ec:2.1.2.8,path:map00670
ec:2.1.2.8,path:ec00670
ec:2.1.2.9,path:map00670
ec:2.1.2.9,path:ec00670
ec:3.5.1.10,path:map00670
ec:3.5.1.10,path:ec00670
ec:3.5.4.9,path:map00670
ec:3.5.4.9,path:ec00670
ec:4.3.1.4,path:map00670
ec:4.3.1.4,path:ec00670
ec:6.3.3.2,path:map00670
ec:6.3.3.2,path:ec00670
ec:6.3.4.3,path:map00670
ec:6.3.4.3,path:ec00670
ec:1.1.1.244,path:map00680
ec:1.1.1.244,path:ec00680
ec:1.1.1.284,path:map00680
ec:1.1.1.284,path:ec00680
ec:1.1.1.29,path:map00680
ec:1.1.1.29,path:ec00680
ec:1.1.1.337,path:map00680
ec:1.1.1.337,path:ec00680
ec:1.1.1.37,path:map00680
ec:1.1.1.37,path:ec00680
ec:1.1.1.95,path:map00680
ec:1.1.1.95,path:ec00680
ec:1.1.2.7,path:map00680
ec:1.1.2.7,path:ec00680
ec:1.1.3.13,path:map00680
ec:1.1.3.13,path:ec00680
ec:1.12.98.1,path:map00680
ec:1.12.98.1,path:ec00680
ec:1.12.98.2,path:map00680
ec:1.12.98.2,path:ec00680
ec:1.14.13.148,path:map00680
ec:1.14.13.148,path:ec00680
ec:1.14.13.25,path:map00680
ec:1.14.13.25,path:ec00680
ec:1.14.18.3,path:map00680
ec:1.14.18.3,path:ec00680
ec:1.17.1.10,path:map00680
ec:1.17.1.10,path:ec00680
ec:1.17.1.9,path:map00680
ec:1.17.1.9,path:ec00680
ec:1.17.98.3,path:map00680
ec:1.17.98.3,path:ec00680
ec:1.2.1.46,path:map00680
ec:1.2.1.46,path:ec00680
ec:1.2.7.1,path:map00680
ec:1.2.7.1,path:ec00680
ec:1.2.7.12,path:map00680
ec:1.2.7.12,path:ec00680
ec:1.2.7.4,path:map00680
ec:1.2.7.4,path:ec00680
ec:1.2.98.1,path:map00680
ec:1.2.98.1,path:ec00680
ec:1.4.9.1,path:map00680
ec:1.4.9.1,path:ec00680
ec:1.5.8.1,path:map00680
ec:1.5.8.1,path:ec00680
ec:1.5.8.2,path:map00680
ec:1.5.8.2,path:ec00680
ec:1.5.98.1,path:map00680
ec:1.5.98.1,path:ec00680
ec:1.5.98.2,path:map00680
ec:1.5.98.2,path:ec00680
ec:1.5.99.5,path:map00680
ec:1.5.99.5,path:ec00680
ec:1.6.6.9,path:map00680
ec:1.6.6.9,path:ec00680
ec:1.8.7.3,path:map00680
ec:1.8.7.3,path:ec00680
ec:1.8.98.1,path:map00680
ec:1.8.98.1,path:ec00680
ec:1.8.98.4,path:map00680
ec:1.8.98.4,path:ec00680
ec:1.8.98.5,path:map00680
ec:1.8.98.5,path:ec00680
ec:1.8.98.6,path:map00680
ec:1.8.98.6,path:ec00680
ec:2.1.1.21,path:map00680
ec:2.1.1.21,path:ec00680
ec:2.1.1.246,path:map00680
ec:2.1.1.246,path:ec00680
ec:2.1.1.247,path:map00680
ec:2.1.1.247,path:ec00680
ec:2.1.1.248,path:map00680
ec:2.1.1.248,path:ec00680
ec:2.1.1.249,path:map00680
ec:2.1.1.249,path:ec00680
ec:2.1.1.250,path:map00680
ec:2.1.1.250,path:ec00680
ec:2.1.1.86,path:map00680
ec:2.1.1.86,path:ec00680
ec:2.1.1.90,path:map00680
ec:2.1.1.90,path:ec00680
ec:2.1.2.1,path:map00680
ec:2.1.2.1,path:ec00680
ec:2.2.1.3,path:map00680
ec:2.2.1.3,path:ec00680
ec:2.3.1.101,path:map00680
ec:2.3.1.101,path:ec00680
ec:2.3.1.8,path:map00680
ec:2.3.1.8,path:ec00680
ec:2.5.1.131,path:map00680
ec:2.5.1.131,path:ec00680
ec:2.5.1.77,path:map00680
ec:2.5.1.77,path:ec00680
ec:2.6.1.108,path:map00680
ec:2.6.1.108,path:ec00680
ec:2.6.1.45,path:map00680
ec:2.6.1.45,path:ec00680
ec:2.6.1.52,path:map00680
ec:2.6.1.52,path:ec00680
ec:2.7.1.11,path:map00680
ec:2.7.1.11,path:ec00680
ec:2.7.1.146,path:map00680
ec:2.7.1.146,path:ec00680
ec:2.7.1.165,path:map00680
ec:2.7.1.165,path:ec00680
ec:2.7.1.29,path:map00680
ec:2.7.1.29,path:ec00680
ec:2.7.2.1,path:map00680
ec:2.7.2.1,path:ec00680
ec:2.7.4.31,path:map00680
ec:2.7.4.31,path:ec00680
ec:2.7.7.68,path:map00680
ec:2.7.7.68,path:ec00680
ec:2.7.8.28,path:map00680
ec:2.7.8.28,path:ec00680
ec:2.7.9.2,path:map00680
ec:2.7.9.2,path:ec00680
ec:2.8.4.1,path:map00680
ec:2.8.4.1,path:ec00680
ec:3.1.2.12,path:map00680
ec:3.1.2.12,path:ec00680
ec:3.1.3.11,path:map00680
ec:3.1.3.11,path:ec00680
ec:3.1.3.3,path:map00680
ec:3.1.3.3,path:ec00680
ec:3.1.3.71,path:map00680
ec:3.1.3.71,path:ec00680
ec:3.5.4.27,path:map00680
ec:3.5.4.27,path:ec00680
ec:4.1.1.25,path:map00680
ec:4.1.1.25,path:ec00680
ec:4.1.1.31,path:map00680
ec:4.1.1.31,path:ec00680
ec:4.1.1.79,path:map00680
ec:4.1.1.79,path:ec00680
ec:4.1.2.13,path:map00680
ec:4.1.2.13,path:ec00680
ec:4.1.2.32,path:map00680
ec:4.1.2.32,path:ec00680
ec:4.1.2.43,path:map00680
ec:4.1.2.43,path:ec00680
ec:4.1.3.24,path:map00680
ec:4.1.3.24,path:ec00680
ec:4.2.1.11,path:map00680
ec:4.2.1.11,path:ec00680
ec:4.2.1.114,path:map00680
ec:4.2.1.114,path:ec00680
ec:4.2.1.147,path:map00680
ec:4.2.1.147,path:ec00680
ec:4.2.3.153,path:map00680
ec:4.2.3.153,path:ec00680
ec:4.4.1.19,path:map00680
ec:4.4.1.19,path:ec00680
ec:4.4.1.22,path:map00680
ec:4.4.1.22,path:ec00680
ec:5.3.1.27,path:map00680
ec:5.3.1.27,path:ec00680
ec:5.4.2.11,path:map00680
ec:5.4.2.11,path:ec00680
ec:5.4.2.12,path:map00680
ec:5.4.2.12,path:ec00680
ec:6.2.1.1,path:map00680
ec:6.2.1.1,path:ec00680
ec:6.2.1.9,path:map00680
ec:6.2.1.9,path:ec00680
ec:6.3.2.31,path:map00680
ec:6.3.2.31,path:ec00680
ec:6.3.2.32,path:map00680
ec:6.3.2.32,path:ec00680
ec:6.3.2.34,path:map00680
ec:6.3.2.34,path:ec00680
ec:6.3.4.24,path:map00680
ec:6.3.4.24,path:ec00680
ec:1.1.1.37,path:map00710
ec:1.1.1.37,path:ec00710
ec:1.1.1.39,path:map00710
ec:1.1.1.39,path:ec00710
ec:1.1.1.40,path:map00710
ec:1.1.1.40,path:ec00710
ec:1.1.1.82,path:map00710
ec:1.1.1.82,path:ec00710
ec:1.2.1.12,path:map00710
ec:1.2.1.12,path:ec00710
ec:1.2.1.13,path:map00710
ec:1.2.1.13,path:ec00710
ec:1.2.1.59,path:map00710
ec:1.2.1.59,path:ec00710
ec:2.2.1.1,path:map00710
ec:2.2.1.1,path:ec00710
ec:2.6.1.1,path:map00710
ec:2.6.1.1,path:ec00710
ec:2.6.1.2,path:map00710
ec:2.6.1.2,path:ec00710
ec:2.7.1.14,path:map00710
ec:2.7.1.14,path:ec00710
ec:2.7.1.19,path:map00710
ec:2.7.1.19,path:ec00710
ec:2.7.2.3,path:map00710
ec:2.7.2.3,path:ec00710
ec:2.7.9.1,path:map00710
ec:2.7.9.1,path:ec00710
ec:3.1.3.11,path:map00710
ec:3.1.3.11,path:ec00710
ec:3.1.3.37,path:map00710
ec:3.1.3.37,path:ec00710
ec:4.1.1.31,path:map00710
ec:4.1.1.31,path:ec00710
ec:4.1.1.39,path:map00710
ec:4.1.1.39,path:ec00710
ec:4.1.1.49,path:map00710
ec:4.1.1.49,path:ec00710
ec:4.1.2.13,path:map00710
ec:4.1.2.13,path:ec00710
ec:4.1.2.22,path:map00710
ec:4.1.2.22,path:ec00710
ec:4.1.2.9,path:map00710
ec:4.1.2.9,path:ec00710
ec:5.1.3.1,path:map00710
ec:5.1.3.1,path:ec00710
ec:5.3.1.1,path:map00710
ec:5.3.1.1,path:ec00710
ec:5.3.1.6,path:map00710
ec:5.3.1.6,path:ec00710
ec:1.1.1.298,path:map00720
ec:1.1.1.298,path:ec00720
ec:1.1.1.35,path:map00720
ec:1.1.1.35,path:ec00720
ec:1.1.1.37,path:map00720
ec:1.1.1.37,path:ec00720
ec:1.1.1.42,path:map00720
ec:1.1.1.42,path:ec00720
ec:1.17.1.10,path:map00720
ec:1.17.1.10,path:ec00720
ec:1.2.1.75,path:map00720
ec:1.2.1.75,path:ec00720
ec:1.2.1.76,path:map00720
ec:1.2.1.76,path:ec00720
ec:1.2.7.1,path:map00720
ec:1.2.7.1,path:ec00720
ec:1.2.7.3,path:map00720
ec:1.2.7.3,path:ec00720
ec:1.2.7.4,path:map00720
ec:1.2.7.4,path:ec00720
ec:1.3.1.6,path:map00720
ec:1.3.1.6,path:ec00720
ec:1.3.1.84,path:map00720
ec:1.3.1.84,path:ec00720
ec:1.3.4.1,path:map00720
ec:1.3.4.1,path:ec00720
ec:1.3.5.1,path:map00720
ec:1.3.5.1,path:ec00720
ec:1.3.5.4,path:map00720
ec:1.3.5.4,path:ec00720
ec:1.5.1.20,path:map00720
ec:1.5.1.20,path:ec00720
ec:1.5.1.5,path:map00720
ec:1.5.1.5,path:ec00720
ec:2.1.1.258,path:map00720
ec:2.1.1.258,path:ec00720
ec:2.3.1.169,path:map00720
ec:2.3.1.169,path:ec00720
ec:2.3.1.8,path:map00720
ec:2.3.1.8,path:ec00720
ec:2.3.1.9,path:map00720
ec:2.3.1.9,path:ec00720
ec:2.3.3.8,path:map00720
ec:2.3.3.8,path:ec00720
ec:2.7.2.1,path:map00720
ec:2.7.2.1,path:ec00720
ec:2.7.9.1,path:map00720
ec:2.7.9.1,path:ec00720
ec:2.7.9.2,path:map00720
ec:2.7.9.2,path:ec00720
ec:2.8.3.22,path:map00720
ec:2.8.3.22,path:ec00720
ec:3.5.4.9,path:map00720
ec:3.5.4.9,path:ec00720
ec:4.1.1.31,path:map00720
ec:4.1.1.31,path:ec00720
ec:4.1.3.24,path:map00720
ec:4.1.3.24,path:ec00720
ec:4.1.3.25,path:map00720
ec:4.1.3.25,path:ec00720
ec:4.1.3.34,path:map00720
ec:4.1.3.34,path:ec00720
ec:4.2.1.116,path:map00720
ec:4.2.1.116,path:ec00720
ec:4.2.1.120,path:map00720
ec:4.2.1.120,path:ec00720
ec:4.2.1.148,path:map00720
ec:4.2.1.148,path:ec00720
ec:4.2.1.153,path:map00720
ec:4.2.1.153,path:ec00720
ec:4.2.1.17,path:map00720
ec:4.2.1.17,path:ec00720
ec:4.2.1.2,path:map00720
ec:4.2.1.2,path:ec00720
ec:4.2.1.3,path:map00720
ec:4.2.1.3,path:ec00720
ec:5.1.99.1,path:map00720
ec:5.1.99.1,path:ec00720
ec:5.4.1.3,path:map00720
ec:5.4.1.3,path:ec00720
ec:5.4.99.2,path:map00720
ec:5.4.99.2,path:ec00720
ec:6.2.1.1,path:map00720
ec:6.2.1.1,path:ec00720
ec:6.2.1.18,path:map00720
ec:6.2.1.18,path:ec00720
ec:6.2.1.36,path:map00720
ec:6.2.1.36,path:ec00720
ec:6.2.1.40,path:map00720
ec:6.2.1.40,path:ec00720
ec:6.2.1.5,path:map00720
ec:6.2.1.5,path:ec00720
ec:6.3.4.3,path:map00720
ec:6.3.4.3,path:ec00720
ec:6.4.1.1,path:map00720
ec:6.4.1.1,path:ec00720
ec:6.4.1.2,path:map00720
ec:6.4.1.2,path:ec00720
ec:6.4.1.3,path:map00720
ec:6.4.1.3,path:ec00720
ec:1.1.3.23,path:map00730
ec:1.1.3.23,path:ec00730
ec:1.4.3.19,path:map00730
ec:1.4.3.19,path:ec00730
ec:2.2.1.7,path:map00730
ec:2.2.1.7,path:ec00730
ec:2.5.1.2,path:map00730
ec:2.5.1.2,path:ec00730
ec:2.5.1.3,path:map00730
ec:2.5.1.3,path:ec00730
ec:2.7.1.49,path:map00730
ec:2.7.1.49,path:ec00730
ec:2.7.1.50,path:map00730
ec:2.7.1.50,path:ec00730
ec:2.7.1.89,path:map00730
ec:2.7.1.89,path:ec00730
ec:2.7.4.15,path:map00730
ec:2.7.4.15,path:ec00730
ec:2.7.4.16,path:map00730
ec:2.7.4.16,path:ec00730
ec:2.7.4.3,path:map00730
ec:2.7.4.3,path:ec00730
ec:2.7.4.7,path:map00730
ec:2.7.4.7,path:ec00730
ec:2.7.6.2,path:map00730
ec:2.7.6.2,path:ec00730
ec:2.7.7.73,path:map00730
ec:2.7.7.73,path:ec00730
ec:2.8.1.10,path:map00730
ec:2.8.1.10,path:ec00730
ec:2.8.1.4,path:map00730
ec:2.8.1.4,path:ec00730
ec:2.8.1.7,path:map00730
ec:2.8.1.7,path:ec00730
ec:3.1.3.100,path:map00730
ec:3.1.3.100,path:ec00730
ec:3.5.99.2,path:map00730
ec:3.5.99.2,path:ec00730
ec:3.6.1.15,path:map00730
ec:3.6.1.15,path:ec00730
ec:3.6.1.28,path:map00730
ec:3.6.1.28,path:ec00730
ec:4.1.99.17,path:map00730
ec:4.1.99.17,path:ec00730
ec:4.1.99.19,path:map00730
ec:4.1.99.19,path:ec00730
ec:5.3.99.10,path:map00730
ec:5.3.99.10,path:ec00730
ec:1.1.1.193,path:map00740
ec:1.1.1.193,path:ec00740
ec:1.1.1.302,path:map00740
ec:1.1.1.302,path:ec00740
ec:1.13.11.79,path:map00740
ec:1.13.11.79,path:ec00740
ec:1.5.1.30,path:map00740
ec:1.5.1.30,path:ec00740
ec:1.5.1.36,path:map00740
ec:1.5.1.36,path:ec00740
ec:1.5.1.37,path:map00740
ec:1.5.1.37,path:ec00740
ec:1.5.1.38,path:map00740
ec:1.5.1.38,path:ec00740
ec:1.5.1.39,path:map00740
ec:1.5.1.39,path:ec00740
ec:1.5.1.41,path:map00740
ec:1.5.1.41,path:ec00740
ec:1.5.1.42,path:map00740
ec:1.5.1.42,path:ec00740
ec:1.5.1.45,path:map00740
ec:1.5.1.45,path:ec00740
ec:2.5.1.78,path:map00740
ec:2.5.1.78,path:ec00740
ec:2.5.1.9,path:map00740
ec:2.5.1.9,path:ec00740
ec:2.7.1.161,path:map00740
ec:2.7.1.161,path:ec00740
ec:2.7.1.26,path:map00740
ec:2.7.1.26,path:ec00740
ec:2.7.1.42,path:map00740
ec:2.7.1.42,path:ec00740
ec:2.7.7.2,path:map00740
ec:2.7.7.2,path:ec00740
ec:3.1.3.102,path:map00740
ec:3.1.3.102,path:ec00740
ec:3.1.3.104,path:map00740
ec:3.1.3.104,path:ec00740
ec:3.1.3.2,path:map00740
ec:3.1.3.2,path:ec00740
ec:3.5.1.102,path:map00740
ec:3.5.1.102,path:ec00740
ec:3.5.4.25,path:map00740
ec:3.5.4.25,path:ec00740
ec:3.5.4.26,path:map00740
ec:3.5.4.26,path:ec00740
ec:3.5.4.29,path:map00740
ec:3.5.4.29,path:ec00740
ec:3.5.99.1,path:map00740
ec:3.5.99.1,path:ec00740
ec:3.6.1.18,path:map00740
ec:3.6.1.18,path:ec00740
ec:3.6.1.9,path:map00740
ec:3.6.1.9,path:ec00740
ec:4.1.99.12,path:map00740
ec:4.1.99.12,path:ec00740
ec:1.1.1.107,path:map00750
ec:1.1.1.107,path:ec00750
ec:1.1.1.262,path:map00750
ec:1.1.1.262,path:ec00750
ec:1.1.1.290,path:map00750
ec:1.1.1.290,path:ec00750
ec:1.1.1.65,path:map00750
ec:1.1.1.65,path:ec00750
ec:1.1.3.12,path:map00750
ec:1.1.3.12,path:ec00750
ec:1.1.99.9,path:map00750
ec:1.1.99.9,path:ec00750
ec:1.14.12.4,path:map00750
ec:1.14.12.4,path:ec00750
ec:1.14.12.5,path:map00750
ec:1.14.12.5,path:ec00750
ec:1.2.1.72,path:map00750
ec:1.2.1.72,path:ec00750
ec:1.2.3.1,path:map00750
ec:1.2.3.1,path:ec00750
ec:1.2.3.8,path:map00750
ec:1.2.3.8,path:ec00750
ec:1.4.3.5,path:map00750
ec:1.4.3.5,path:ec00750
ec:2.6.1.30,path:map00750
ec:2.6.1.30,path:ec00750
ec:2.6.1.31,path:map00750
ec:2.6.1.31,path:ec00750
ec:2.6.1.52,path:map00750
ec:2.6.1.52,path:ec00750
ec:2.6.1.54,path:map00750
ec:2.6.1.54,path:ec00750
ec:2.6.99.2,path:map00750
ec:2.6.99.2,path:ec00750
ec:2.7.1.35,path:map00750
ec:2.7.1.35,path:ec00750
ec:3.1.1.27,path:map00750
ec:3.1.1.27,path:ec00750
ec:3.1.3.74,path:map00750
ec:3.1.3.74,path:ec00750
ec:3.5.1.29,path:map00750
ec:3.5.1.29,path:ec00750
ec:3.5.1.66,path:map00750
ec:3.5.1.66,path:ec00750
ec:4.1.1.51,path:map00750
ec:4.1.1.51,path:ec00750
ec:4.2.3.1,path:map00750
ec:4.2.3.1,path:ec00750
ec:4.3.3.6,path:map00750
ec:4.3.3.6,path:ec00750
ec:1.1.1.291,path:map00760
ec:1.1.1.291,path:ec00760
ec:1.1.1.328,path:map00760
ec:1.1.1.328,path:ec00760
ec:1.13.11.9,path:map00760
ec:1.13.11.9,path:ec00760
ec:1.14.13.10,path:map00760
ec:1.14.13.10,path:ec00760
ec:1.14.13.114,path:map00760
ec:1.14.13.114,path:ec00760
ec:1.14.13.163,path:map00760
ec:1.14.13.163,path:ec00760
ec:1.17.1.5,path:map00760
ec:1.17.1.5,path:ec00760
ec:1.17.2.1,path:map00760
ec:1.17.2.1,path:ec00760
ec:1.17.3.3,path:map00760
ec:1.17.3.3,path:ec00760
ec:1.2.1.16,path:map00760
ec:1.2.1.16,path:ec00760
ec:1.2.1.24,path:map00760
ec:1.2.1.24,path:ec00760
ec:1.2.1.79,path:map00760
ec:1.2.1.79,path:ec00760
ec:1.2.1.83,path:map00760
ec:1.2.1.83,path:ec00760
ec:1.2.3.1,path:map00760
ec:1.2.3.1,path:ec00760
ec:1.3.7.1,path:map00760
ec:1.3.7.1,path:ec00760
ec:1.4.1.21,path:map00760
ec:1.4.1.21,path:ec00760
ec:1.4.3.16,path:map00760
ec:1.4.3.16,path:ec00760
ec:1.4.3.24,path:map00760
ec:1.4.3.24,path:ec00760
ec:1.5.3.19,path:map00760
ec:1.5.3.19,path:ec00760
ec:1.5.3.21,path:map00760
ec:1.5.3.21,path:ec00760
ec:1.5.3.5,path:map00760
ec:1.5.3.5,path:ec00760
ec:1.5.3.6,path:map00760
ec:1.5.3.6,path:ec00760
ec:1.5.99.14,path:map00760
ec:1.5.99.14,path:ec00760
ec:1.5.99.4,path:map00760
ec:1.5.99.4,path:ec00760
ec:1.6.1.1,path:map00760
ec:1.6.1.1,path:ec00760
ec:1.6.1.2,path:map00760
ec:1.6.1.2,path:ec00760
ec:2.1.1.1,path:map00760
ec:2.1.1.1,path:ec00760
ec:2.1.1.7,path:map00760
ec:2.1.1.7,path:ec00760
ec:2.4.2.1,path:map00760
ec:2.4.2.1,path:ec00760
ec:2.4.2.12,path:map00760
ec:2.4.2.12,path:ec00760
ec:2.4.2.19,path:map00760
ec:2.4.2.19,path:ec00760
ec:2.4.99.20,path:map00760
ec:2.4.99.20,path:ec00760
ec:2.7.1.173,path:map00760
ec:2.7.1.173,path:ec00760
ec:2.7.1.22,path:map00760
ec:2.7.1.22,path:ec00760
ec:2.7.1.23,path:map00760
ec:2.7.1.23,path:ec00760
ec:2.7.7.1,path:map00760
ec:2.7.7.1,path:ec00760
ec:2.7.7.18,path:map00760
ec:2.7.7.18,path:ec00760
ec:3.1.3.5,path:map00760
ec:3.1.3.5,path:ec00760
ec:3.2.2.1,path:map00760
ec:3.2.2.1,path:ec00760
ec:3.2.2.14,path:map00760
ec:3.2.2.14,path:ec00760
ec:3.2.2.3,path:map00760
ec:3.2.2.3,path:ec00760
ec:3.2.2.5,path:map00760
ec:3.2.2.5,path:ec00760
ec:3.2.2.6,path:map00760
ec:3.2.2.6,path:ec00760
ec:3.5.1.106,path:map00760
ec:3.5.1.106,path:ec00760
ec:3.5.1.107,path:map00760
ec:3.5.1.107,path:ec00760
ec:3.5.1.19,path:map00760
ec:3.5.1.19,path:ec00760
ec:3.5.1.42,path:map00760
ec:3.5.1.42,path:ec00760
ec:3.5.2.18,path:map00760
ec:3.5.2.18,path:ec00760
ec:3.6.1.22,path:map00760
ec:3.6.1.22,path:ec00760
ec:3.6.1.9,path:map00760
ec:3.6.1.9,path:ec00760
ec:3.7.1.19,path:map00760
ec:3.7.1.19,path:ec00760
ec:4.1.3.32,path:map00760
ec:4.1.3.32,path:ec00760
ec:4.2.1.85,path:map00760
ec:4.2.1.85,path:ec00760
ec:5.2.1.1,path:map00760
ec:5.2.1.1,path:ec00760
ec:5.3.3.6,path:map00760
ec:5.3.3.6,path:ec00760
ec:5.4.99.4,path:map00760
ec:5.4.99.4,path:ec00760
ec:6.3.1.5,path:map00760
ec:6.3.1.5,path:ec00760
ec:6.3.4.21,path:map00760
ec:6.3.4.21,path:ec00760
ec:6.3.5.1,path:map00760
ec:6.3.5.1,path:ec00760
ec:1.1.1.106,path:map00770
ec:1.1.1.106,path:ec00770
ec:1.1.1.169,path:map00770
ec:1.1.1.169,path:ec00770
ec:1.1.1.84,path:map00770
ec:1.1.1.84,path:ec00770
ec:1.1.1.86,path:map00770
ec:1.1.1.86,path:ec00770
ec:1.2.1.33,path:map00770
ec:1.2.1.33,path:ec00770
ec:1.3.1.1,path:map00770
ec:1.3.1.1,path:ec00770
ec:1.3.1.2,path:map00770
ec:1.3.1.2,path:ec00770
ec:2.1.2.11,path:map00770
ec:2.1.2.11,path:ec00770
ec:2.2.1.6,path:map00770
ec:2.2.1.6,path:ec00770
ec:2.6.1.42,path:map00770
ec:2.6.1.42,path:ec00770
ec:2.6.1.6,path:map00770
ec:2.6.1.6,path:ec00770
ec:2.7.1.169,path:map00770
ec:2.7.1.169,path:ec00770
ec:2.7.1.24,path:map00770
ec:2.7.1.24,path:ec00770
ec:2.7.1.33,path:map00770
ec:2.7.1.33,path:ec00770
ec:2.7.1.34,path:map00770
ec:2.7.1.34,path:ec00770
ec:2.7.7.3,path:map00770
ec:2.7.7.3,path:ec00770
ec:2.7.8.7,path:map00770
ec:2.7.8.7,path:ec00770
ec:3.1.4.14,path:map00770
ec:3.1.4.14,path:ec00770
ec:3.5.1.22,path:map00770
ec:3.5.1.22,path:ec00770
ec:3.5.1.6,path:map00770
ec:3.5.1.6,path:ec00770
ec:3.5.1.92,path:map00770
ec:3.5.1.92,path:ec00770
ec:3.5.2.2,path:map00770
ec:3.5.2.2,path:ec00770
ec:3.6.1.9,path:map00770
ec:3.6.1.9,path:ec00770
ec:4.1.1.11,path:map00770
ec:4.1.1.11,path:ec00770
ec:4.1.1.30,path:map00770
ec:4.1.1.30,path:ec00770
ec:4.1.1.36,path:map00770
ec:4.1.1.36,path:ec00770
ec:4.2.1.9,path:map00770
ec:4.2.1.9,path:ec00770
ec:6.3.2.1,path:map00770
ec:6.3.2.1,path:ec00770
ec:6.3.2.36,path:map00770
ec:6.3.2.36,path:ec00770
ec:6.3.2.5,path:map00770
ec:6.3.2.5,path:ec00770
ec:6.3.2.51,path:map00770
ec:6.3.2.51,path:ec00770
ec:1.1.1.100,path:map00780
ec:1.1.1.100,path:ec00780
ec:1.14.14.46,path:map00780
ec:1.14.14.46,path:ec00780
ec:1.3.1.10,path:map00780
ec:1.3.1.10,path:ec00780
ec:2.1.1.197,path:map00780
ec:2.1.1.197,path:ec00780
ec:2.3.1.179,path:map00780
ec:2.3.1.179,path:ec00780
ec:2.3.1.41,path:map00780
ec:2.3.1.41,path:ec00780
ec:2.3.1.47,path:map00780
ec:2.3.1.47,path:ec00780
ec:2.6.1.105,path:map00780
ec:2.6.1.105,path:ec00780
ec:2.6.1.62,path:map00780
ec:2.6.1.62,path:ec00780
ec:2.8.1.6,path:map00780
ec:2.8.1.6,path:ec00780
ec:3.1.1.85,path:map00780
ec:3.1.1.85,path:ec00780
ec:3.5.1.12,path:map00780
ec:3.5.1.12,path:ec00780
ec:4.2.1.59,path:map00780
ec:4.2.1.59,path:ec00780
ec:6.2.1.11,path:map00780
ec:6.2.1.11,path:ec00780
ec:6.2.1.14,path:map00780
ec:6.2.1.14,path:ec00780
ec:6.3.3.3,path:map00780
ec:6.3.3.3,path:ec00780
ec:6.3.4.10,path:map00780
ec:6.3.4.10,path:ec00780
ec:6.3.4.11,path:map00780
ec:6.3.4.11,path:ec00780
ec:6.3.4.15,path:map00780
ec:6.3.4.15,path:ec00780
ec:6.3.4.9,path:map00780
ec:6.3.4.9,path:ec00780
ec:2.3.1.181,path:map00785
ec:2.3.1.181,path:ec00785
ec:2.8.1.8,path:map00785
ec:2.8.1.8,path:ec00785
ec:6.3.1.20,path:map00785
ec:6.3.1.20,path:ec00785
ec:1.1.1.153,path:map00790
ec:1.1.1.153,path:ec00790
ec:1.1.1.184,path:map00790
ec:1.1.1.184,path:ec00790
ec:1.1.1.21,path:map00790
ec:1.1.1.21,path:ec00790
ec:1.1.1.213,path:map00790
ec:1.1.1.213,path:ec00790
ec:1.1.1.325,path:map00790
ec:1.1.1.325,path:ec00790
ec:1.13.11.81,path:map00790
ec:1.13.11.81,path:ec00790
ec:1.14.16.1,path:map00790
ec:1.14.16.1,path:ec00790
ec:1.14.16.2,path:map00790
ec:1.14.16.2,path:ec00790
ec:1.14.16.4,path:map00790
ec:1.14.16.4,path:ec00790
ec:1.5.1.3,path:map00790
ec:1.5.1.3,path:ec00790
ec:1.5.1.34,path:map00790
ec:1.5.1.34,path:ec00790
ec:1.5.1.47,path:map00790
ec:1.5.1.47,path:ec00790
ec:1.5.1.50,path:map00790
ec:1.5.1.50,path:ec00790
ec:1.5.4.1,path:map00790
ec:1.5.4.1,path:ec00790
ec:1.5.99.15,path:map00790
ec:1.5.99.15,path:ec00790
ec:1.7.1.13,path:map00790
ec:1.7.1.13,path:ec00790
ec:2.10.1.1,path:map00790
ec:2.10.1.1,path:ec00790
ec:2.4.2.54,path:map00790
ec:2.4.2.54,path:ec00790
ec:2.5.1.105,path:map00790
ec:2.5.1.105,path:ec00790
ec:2.5.1.15,path:map00790
ec:2.5.1.15,path:ec00790
ec:2.6.1.85,path:map00790
ec:2.6.1.85,path:ec00790
ec:2.7.6.3,path:map00790
ec:2.7.6.3,path:ec00790
ec:2.7.7.75,path:map00790
ec:2.7.7.75,path:ec00790
ec:2.7.7.76,path:map00790
ec:2.7.7.76,path:ec00790
ec:2.7.7.77,path:map00790
ec:2.7.7.77,path:ec00790
ec:2.8.1.12,path:map00790
ec:2.8.1.12,path:ec00790
ec:2.8.1.9,path:map00790
ec:2.8.1.9,path:ec00790
ec:3.1.3.1,path:map00790
ec:3.1.3.1,path:ec00790
ec:3.1.4.56,path:map00790
ec:3.1.4.56,path:ec00790
ec:3.4.19.9,path:map00790
ec:3.4.19.9,path:ec00790
ec:3.5.4.16,path:map00790
ec:3.5.4.16,path:ec00790
ec:3.5.4.25,path:map00790
ec:3.5.4.25,path:ec00790
ec:3.5.4.39,path:map00790
ec:3.5.4.39,path:ec00790
ec:3.6.1.67,path:map00790
ec:3.6.1.67,path:ec00790
ec:4.1.2.25,path:map00790
ec:4.1.2.25,path:ec00790
ec:4.1.2.50,path:map00790
ec:4.1.2.50,path:ec00790
ec:4.1.2.59,path:map00790
ec:4.1.2.59,path:ec00790
ec:4.1.2.60,path:map00790
ec:4.1.2.60,path:ec00790
ec:4.1.3.38,path:map00790
ec:4.1.3.38,path:ec00790
ec:4.1.99.22,path:map00790
ec:4.1.99.22,path:ec00790
ec:4.2.1.160,path:map00790
ec:4.2.1.160,path:ec00790
ec:4.2.1.96,path:map00790
ec:4.2.1.96,path:ec00790
ec:4.2.3.12,path:map00790
ec:4.2.3.12,path:ec00790
ec:4.3.99.3,path:map00790
ec:4.3.99.3,path:ec00790
ec:4.6.1.17,path:map00790
ec:4.6.1.17,path:ec00790
ec:5.1.99.7,path:map00790
ec:5.1.99.7,path:ec00790
ec:5.1.99.8,path:map00790
ec:5.1.99.8,path:ec00790
ec:6.3.2.12,path:map00790
ec:6.3.2.12,path:ec00790
ec:6.3.2.17,path:map00790
ec:6.3.2.17,path:ec00790
ec:6.3.2.33,path:map00790
ec:6.3.2.33,path:ec00790
ec:6.3.4.20,path:map00790
ec:6.3.4.20,path:ec00790
ec:3.5.1.5,path:map00791
ec:3.5.1.5,path:ec00791
ec:3.5.1.54,path:map00791
ec:3.5.1.54,path:ec00791
ec:3.5.1.84,path:map00791
ec:3.5.1.84,path:ec00791
ec:3.5.2.15,path:map00791
ec:3.5.2.15,path:ec00791
ec:3.5.4.42,path:map00791
ec:3.5.4.42,path:ec00791
ec:3.5.4.43,path:map00791
ec:3.5.4.43,path:ec00791
ec:3.5.4.45,path:map00791
ec:3.5.4.45,path:ec00791
ec:3.8.1.8,path:map00791
ec:3.8.1.8,path:ec00791
ec:4.2.1.69,path:map00791
ec:4.2.1.69,path:ec00791
ec:6.3.4.6,path:map00791
ec:6.3.4.6,path:ec00791
ec:1.1.1.1,path:map00830
ec:1.1.1.1,path:ec00830
ec:1.1.1.105,path:map00830
ec:1.1.1.105,path:ec00830
ec:1.13.11.63,path:map00830
ec:1.13.11.63,path:ec00830
ec:1.14.14.1,path:map00830
ec:1.14.14.1,path:ec00830
ec:1.14.15.3,path:map00830
ec:1.14.15.3,path:ec00830
ec:1.2.1.36,path:map00830
ec:1.2.1.36,path:ec00830
ec:1.2.3.1,path:map00830
ec:1.2.3.1,path:ec00830
ec:1.3.99.23,path:map00830
ec:1.3.99.23,path:ec00830
ec:2.3.1.135,path:map00830
ec:2.3.1.135,path:ec00830
ec:2.3.1.76,path:map00830
ec:2.3.1.76,path:ec00830
ec:2.4.1.17,path:map00830
ec:2.4.1.17,path:ec00830
ec:3.1.1.63,path:map00830
ec:3.1.1.63,path:ec00830
ec:3.1.1.64,path:map00830
ec:3.1.1.64,path:ec00830
ec:1.1.1.294,path:map00860
ec:1.1.1.294,path:ec00860
ec:1.1.1.396,path:map00860
ec:1.1.1.396,path:ec00860
ec:1.14.13.122,path:map00860
ec:1.14.13.122,path:ec00860
ec:1.14.13.81,path:map00860
ec:1.14.13.81,path:ec00860
ec:1.14.13.83,path:map00860
ec:1.14.13.83,path:ec00860
ec:1.14.14.18,path:map00860
ec:1.14.14.18,path:ec00860
ec:1.14.15.17,path:map00860
ec:1.14.15.17,path:ec00860
ec:1.14.15.20,path:map00860
ec:1.14.15.20,path:ec00860
ec:1.14.99.48,path:map00860
ec:1.14.99.48,path:ec00860
ec:1.14.99.58,path:map00860
ec:1.14.99.58,path:ec00860
ec:1.16.1.2,path:map00860
ec:1.16.1.2,path:ec00860
ec:1.16.1.3,path:map00860
ec:1.16.1.3,path:ec00860
ec:1.16.1.4,path:map00860
ec:1.16.1.4,path:ec00860
ec:1.16.1.5,path:map00860
ec:1.16.1.5,path:ec00860
ec:1.16.1.6,path:map00860
ec:1.16.1.6,path:ec00860
ec:1.16.3.1,path:map00860
ec:1.16.3.1,path:ec00860
ec:1.16.8.1,path:map00860
ec:1.16.8.1,path:ec00860
ec:1.17.7.2,path:map00860
ec:1.17.7.2,path:ec00860
ec:1.17.98.2,path:map00860
ec:1.17.98.2,path:ec00860
ec:1.2.1.70,path:map00860
ec:1.2.1.70,path:ec00860
ec:1.21.98.3,path:map00860
ec:1.21.98.3,path:ec00860
ec:1.3.1.106,path:map00860
ec:1.3.1.106,path:ec00860
ec:1.3.1.111,path:map00860
ec:1.3.1.111,path:ec00860
ec:1.3.1.24,path:map00860
ec:1.3.1.24,path:ec00860
ec:1.3.1.33,path:map00860
ec:1.3.1.33,path:ec00860
ec:1.3.1.54,path:map00860
ec:1.3.1.54,path:ec00860
ec:1.3.1.75,path:map00860
ec:1.3.1.75,path:ec00860
ec:1.3.1.76,path:map00860
ec:1.3.1.76,path:ec00860
ec:1.3.3.15,path:map00860
ec:1.3.3.15,path:ec00860
ec:1.3.3.3,path:map00860
ec:1.3.3.3,path:ec00860
ec:1.3.3.4,path:map00860
ec:1.3.3.4,path:ec00860
ec:1.3.3.5,path:map00860
ec:1.3.3.5,path:ec00860
ec:1.3.5.3,path:map00860
ec:1.3.5.3,path:ec00860
ec:1.3.7.12,path:map00860
ec:1.3.7.12,path:ec00860
ec:1.3.7.13,path:map00860
ec:1.3.7.13,path:ec00860
ec:1.3.7.15,path:map00860
ec:1.3.7.15,path:ec00860
ec:1.3.7.2,path:map00860
ec:1.3.7.2,path:ec00860
ec:1.3.7.3,path:map00860
ec:1.3.7.3,path:ec00860
ec:1.3.7.4,path:map00860
ec:1.3.7.4,path:ec00860
ec:1.3.7.5,path:map00860
ec:1.3.7.5,path:ec00860
ec:1.3.7.6,path:map00860
ec:1.3.7.6,path:ec00860
ec:1.3.7.7,path:map00860
ec:1.3.7.7,path:ec00860
ec:1.3.98.3,path:map00860
ec:1.3.98.3,path:ec00860
ec:2.1.1.107,path:map00860
ec:2.1.1.107,path:ec00860
ec:2.1.1.11,path:map00860
ec:2.1.1.11,path:ec00860
ec:2.1.1.130,path:map00860
ec:2.1.1.130,path:ec00860
ec:2.1.1.131,path:map00860
ec:2.1.1.131,path:ec00860
ec:2.1.1.132,path:map00860
ec:2.1.1.132,path:ec00860
ec:2.1.1.133,path:map00860
ec:2.1.1.133,path:ec00860
ec:2.1.1.151,path:map00860
ec:2.1.1.151,path:ec00860
ec:2.1.1.152,path:map00860
ec:2.1.1.152,path:ec00860
ec:2.1.1.195,path:map00860
ec:2.1.1.195,path:ec00860
ec:2.1.1.196,path:map00860
ec:2.1.1.196,path:ec00860
ec:2.1.1.271,path:map00860
ec:2.1.1.271,path:ec00860
ec:2.1.1.272,path:map00860
ec:2.1.1.272,path:ec00860
ec:2.1.1.289,path:map00860
ec:2.1.1.289,path:ec00860
ec:2.1.1.331,path:map00860
ec:2.1.1.331,path:ec00860
ec:2.1.1.332,path:map00860
ec:2.1.1.332,path:ec00860
ec:2.1.1.333,path:map00860
ec:2.1.1.333,path:ec00860
ec:2.3.1.37,path:map00860
ec:2.3.1.37,path:ec00860
ec:2.4.1.17,path:map00860
ec:2.4.1.17,path:ec00860
ec:2.4.2.21,path:map00860
ec:2.4.2.21,path:ec00860
ec:2.5.1.133,path:map00860
ec:2.5.1.133,path:ec00860
ec:2.5.1.141,path:map00860
ec:2.5.1.141,path:ec00860
ec:2.5.1.17,path:map00860
ec:2.5.1.17,path:ec00860
ec:2.5.1.61,path:map00860
ec:2.5.1.61,path:ec00860
ec:2.5.1.62,path:map00860
ec:2.5.1.62,path:ec00860
ec:2.6.1.43,path:map00860
ec:2.6.1.43,path:ec00860
ec:2.7.1.156,path:map00860
ec:2.7.1.156,path:ec00860
ec:2.7.1.177,path:map00860
ec:2.7.1.177,path:ec00860
ec:2.7.7.62,path:map00860
ec:2.7.7.62,path:ec00860
ec:2.7.8.26,path:map00860
ec:2.7.8.26,path:ec00860
ec:3.1.1.100,path:map00860
ec:3.1.1.100,path:ec00860
ec:3.1.1.14,path:map00860
ec:3.1.1.14,path:ec00860
ec:3.1.1.82,path:map00860
ec:3.1.1.82,path:ec00860
ec:3.1.3.73,path:map00860
ec:3.1.3.73,path:ec00860
ec:3.2.1.31,path:map00860
ec:3.2.1.31,path:ec00860
ec:3.5.1.90,path:map00860
ec:3.5.1.90,path:ec00860
ec:3.7.1.12,path:map00860
ec:3.7.1.12,path:ec00860
ec:4.1.1.37,path:map00860
ec:4.1.1.37,path:ec00860
ec:4.1.1.81,path:map00860
ec:4.1.1.81,path:ec00860
ec:4.2.1.165,path:map00860
ec:4.2.1.165,path:ec00860
ec:4.2.1.169,path:map00860
ec:4.2.1.169,path:ec00860
ec:4.2.1.24,path:map00860
ec:4.2.1.24,path:ec00860
ec:4.2.1.75,path:map00860
ec:4.2.1.75,path:ec00860
ec:4.4.1.17,path:map00860
ec:4.4.1.17,path:ec00860
ec:4.99.1.1,path:map00860
ec:4.99.1.1,path:ec00860
ec:4.99.1.10,path:map00860
ec:4.99.1.10,path:ec00860
ec:4.99.1.11,path:map00860
ec:4.99.1.11,path:ec00860
ec:4.99.1.3,path:map00860
ec:4.99.1.3,path:ec00860
ec:4.99.1.4,path:map00860
ec:4.99.1.4,path:ec00860
ec:4.99.1.9,path:map00860
ec:4.99.1.9,path:ec00860
ec:5.4.3.8,path:map00860
ec:5.4.3.8,path:ec00860
ec:5.4.99.60,path:map00860
ec:5.4.99.60,path:ec00860
ec:5.4.99.61,path:map00860
ec:5.4.99.61,path:ec00860
ec:6.1.1.17,path:map00860
ec:6.1.1.17,path:ec00860
ec:6.3.1.10,path:map00860
ec:6.3.1.10,path:ec00860
ec:6.3.3.7,path:map00860
ec:6.3.3.7,path:ec00860
ec:6.3.5.10,path:map00860
ec:6.3.5.10,path:ec00860
ec:6.3.5.11,path:map00860
ec:6.3.5.11,path:ec00860
ec:6.3.5.12,path:map00860
ec:6.3.5.12,path:ec00860
ec:6.3.5.9,path:map00860
ec:6.3.5.9,path:ec00860
ec:6.4.1.9,path:map00860
ec:6.4.1.9,path:ec00860
ec:6.6.1.1,path:map00860
ec:6.6.1.1,path:ec00860
ec:6.6.1.2,path:map00860
ec:6.6.1.2,path:ec00860
ec:1.1.1.216,path:map00900
ec:1.1.1.216,path:ec00900
ec:1.1.1.267,path:map00900
ec:1.1.1.267,path:ec00900
ec:1.1.1.34,path:map00900
ec:1.1.1.34,path:ec00900
ec:1.1.1.354,path:map00900
ec:1.1.1.354,path:ec00900
ec:1.1.1.88,path:map00900
ec:1.1.1.88,path:ec00900
ec:1.17.7.1,path:map00900
ec:1.17.7.1,path:ec00900
ec:1.17.7.3,path:map00900
ec:1.17.7.3,path:ec00900
ec:1.17.7.4,path:map00900
ec:1.17.7.4,path:ec00900
ec:1.3.1.83,path:map00900
ec:1.3.1.83,path:ec00900
ec:1.8.3.5,path:map00900
ec:1.8.3.5,path:ec00900
ec:1.8.3.6,path:map00900
ec:1.8.3.6,path:ec00900
ec:2.1.1.100,path:map00900
ec:2.1.1.100,path:ec00900
ec:2.2.1.7,path:map00900
ec:2.2.1.7,path:ec00900
ec:2.3.1.9,path:map00900
ec:2.3.1.9,path:ec00900
ec:2.3.3.10,path:map00900
ec:2.3.3.10,path:ec00900
ec:2.5.1.1,path:map00900
ec:2.5.1.1,path:ec00900
ec:2.5.1.10,path:map00900
ec:2.5.1.10,path:ec00900
ec:2.5.1.20,path:map00900
ec:2.5.1.20,path:ec00900
ec:2.5.1.29,path:map00900
ec:2.5.1.29,path:ec00900
ec:2.5.1.30,path:map00900
ec:2.5.1.30,path:ec00900
ec:2.5.1.31,path:map00900
ec:2.5.1.31,path:ec00900
ec:2.5.1.58,path:map00900
ec:2.5.1.58,path:ec00900
ec:2.5.1.68,path:map00900
ec:2.5.1.68,path:ec00900
ec:2.5.1.82,path:map00900
ec:2.5.1.82,path:ec00900
ec:2.5.1.83,path:map00900
ec:2.5.1.83,path:ec00900
ec:2.5.1.84,path:map00900
ec:2.5.1.84,path:ec00900
ec:2.5.1.85,path:map00900
ec:2.5.1.85,path:ec00900
ec:2.5.1.86,path:map00900
ec:2.5.1.86,path:ec00900
ec:2.5.1.87,path:map00900
ec:2.5.1.87,path:ec00900
ec:2.5.1.88,path:map00900
ec:2.5.1.88,path:ec00900
ec:2.5.1.89,path:map00900
ec:2.5.1.89,path:ec00900
ec:2.5.1.90,path:map00900
ec:2.5.1.90,path:ec00900
ec:2.5.1.91,path:map00900
ec:2.5.1.91,path:ec00900
ec:2.5.1.92,path:map00900
ec:2.5.1.92,path:ec00900
ec:2.7.1.148,path:map00900
ec:2.7.1.148,path:ec00900
ec:2.7.1.185,path:map00900
ec:2.7.1.185,path:ec00900
ec:2.7.1.186,path:map00900
ec:2.7.1.186,path:ec00900
ec:2.7.1.216,path:map00900
ec:2.7.1.216,path:ec00900
ec:2.7.1.36,path:map00900
ec:2.7.1.36,path:ec00900
ec:2.7.4.2,path:map00900
ec:2.7.4.2,path:ec00900
ec:2.7.4.26,path:map00900
ec:2.7.4.26,path:ec00900
ec:2.7.4.32,path:map00900
ec:2.7.4.32,path:ec00900
ec:2.7.7.60,path:map00900
ec:2.7.7.60,path:ec00900
ec:3.1.7.6,path:map00900
ec:3.1.7.6,path:ec00900
ec:3.4.24.84,path:map00900
ec:3.4.24.84,path:ec00900
ec:4.1.1.33,path:map00900
ec:4.1.1.33,path:ec00900
ec:4.1.1.99,path:map00900
ec:4.1.1.99,path:ec00900
ec:4.2.3.27,path:map00900
ec:4.2.3.27,path:ec00900
ec:4.6.1.12,path:map00900
ec:4.6.1.12,path:ec00900
ec:5.3.3.2,path:map00900
ec:5.3.3.2,path:ec00900
ec:1.1.1.273,path:map00901
ec:1.1.1.273,path:ec00901
ec:1.14.11.20,path:map00901
ec:1.14.11.20,path:ec00901
ec:1.14.13.73,path:map00901
ec:1.14.13.73,path:ec00901
ec:1.14.13.75,path:map00901
ec:1.14.13.75,path:ec00901
ec:1.14.13.91,path:map00901
ec:1.14.13.91,path:ec00901
ec:1.14.99.59,path:map00901
ec:1.14.99.59,path:ec00901
ec:1.3.1.36,path:map00901
ec:1.3.1.36,path:ec00901
ec:1.3.1.73,path:map00901
ec:1.3.1.73,path:ec00901
ec:1.5.1.32,path:map00901
ec:1.5.1.32,path:ec00901
ec:2.1.1.345,path:map00901
ec:2.1.1.345,path:ec00901
ec:2.1.1.94,path:map00901
ec:2.1.1.94,path:ec00901
ec:2.1.1.99,path:map00901
ec:2.1.1.99,path:ec00901
ec:2.3.1.107,path:map00901
ec:2.3.1.107,path:ec00901
ec:2.3.1.160,path:map00901
ec:2.3.1.160,path:ec00901
ec:2.4.1.219,path:map00901
ec:2.4.1.219,path:ec00901
ec:2.7.1.222,path:map00901
ec:2.7.1.222,path:ec00901
ec:3.1.1.78,path:map00901
ec:3.1.1.78,path:ec00901
ec:3.1.1.80,path:map00901
ec:3.1.1.80,path:ec00901
ec:3.2.1.105,path:map00901
ec:3.2.1.105,path:ec00901
ec:3.2.1.125,path:map00901
ec:3.2.1.125,path:ec00901
ec:4.1.1.105,path:map00901
ec:4.1.1.105,path:ec00901
ec:4.3.3.2,path:map00901
ec:4.3.3.2,path:ec00901
ec:1.1.1.198,path:map00902
ec:1.1.1.198,path:ec00902
ec:1.1.1.207,path:map00902
ec:1.1.1.207,path:ec00902
ec:1.1.1.208,path:map00902
ec:1.1.1.208,path:ec00902
ec:1.1.1.223,path:map00902
ec:1.1.1.223,path:ec00902
ec:1.1.1.241,path:map00902
ec:1.1.1.241,path:ec00902
ec:1.1.1.243,path:map00902
ec:1.1.1.243,path:ec00902
ec:1.1.1.275,path:map00902
ec:1.1.1.275,path:ec00902
ec:1.1.1.324,path:map00902
ec:1.1.1.324,path:ec00902
ec:1.1.1.386,path:map00902
ec:1.1.1.386,path:ec00902
ec:1.14.13.104,path:map00902
ec:1.14.13.104,path:ec00902
ec:1.14.13.105,path:map00902
ec:1.14.13.105,path:ec00902
ec:1.14.13.151,path:map00902
ec:1.14.13.151,path:ec00902
ec:1.14.13.152,path:map00902
ec:1.14.13.152,path:ec00902
ec:1.14.13.156,path:map00902
ec:1.14.13.156,path:ec00902
ec:1.14.13.47,path:map00902
ec:1.14.13.47,path:ec00902
ec:1.14.13.51,path:map00902
ec:1.14.13.51,path:ec00902
ec:1.14.13.74,path:map00902
ec:1.14.13.74,path:ec00902
ec:1.14.14.31,path:map00902
ec:1.14.14.31,path:ec00902
ec:1.14.14.51,path:map00902
ec:1.14.14.51,path:ec00902
ec:1.14.14.52,path:map00902
ec:1.14.14.52,path:ec00902
ec:1.14.14.53,path:map00902
ec:1.14.14.53,path:ec00902
ec:1.3.1.81,path:map00902
ec:1.3.1.81,path:ec00902
ec:1.3.1.82,path:map00902
ec:1.3.1.82,path:ec00902
ec:1.3.3.9,path:map00902
ec:1.3.3.9,path:ec00902
ec:2.1.1.50,path:map00902
ec:2.1.1.50,path:ec00902
ec:3.1.7.11,path:map00902
ec:3.1.7.11,path:ec00902
ec:3.1.7.3,path:map00902
ec:3.1.7.3,path:ec00902
ec:4.2.1.127,path:map00902
ec:4.2.1.127,path:ec00902
ec:4.2.3.10,path:map00902
ec:4.2.3.10,path:ec00902
ec:4.2.3.108,path:map00902
ec:4.2.3.108,path:ec00902
ec:4.2.3.11,path:map00902
ec:4.2.3.11,path:ec00902
ec:4.2.3.111,path:map00902
ec:4.2.3.111,path:ec00902
ec:4.2.3.116,path:map00902
ec:4.2.3.116,path:ec00902
ec:4.2.3.117,path:map00902
ec:4.2.3.117,path:ec00902
ec:4.2.3.119,path:map00902
ec:4.2.3.119,path:ec00902
ec:4.2.3.120,path:map00902
ec:4.2.3.120,path:ec00902
ec:4.2.3.15,path:map00902
ec:4.2.3.15,path:ec00902
ec:4.2.3.16,path:map00902
ec:4.2.3.16,path:ec00902
ec:4.2.3.20,path:map00902
ec:4.2.3.20,path:ec00902
ec:4.2.3.25,path:map00902
ec:4.2.3.25,path:ec00902
ec:4.2.3.26,path:map00902
ec:4.2.3.26,path:ec00902
ec:5.4.4.4,path:map00902
ec:5.4.4.4,path:ec00902
ec:5.5.1.8,path:map00902
ec:5.5.1.8,path:ec00902
ec:1.1.1.144,path:map00903
ec:1.1.1.144,path:ec00903
ec:1.1.1.243,path:map00903
ec:1.1.1.243,path:ec00903
ec:1.1.1.275,path:map00903
ec:1.1.1.275,path:ec00903
ec:1.1.1.296,path:map00903
ec:1.1.1.296,path:ec00903
ec:1.1.1.297,path:map00903
ec:1.1.1.297,path:ec00903
ec:1.14.13.105,path:map00903
ec:1.14.13.105,path:ec00903
ec:1.14.13.107,path:map00903
ec:1.14.13.107,path:ec00903
ec:1.14.14.51,path:map00903
ec:1.14.14.51,path:ec00903
ec:1.14.14.52,path:map00903
ec:1.14.14.52,path:ec00903
ec:1.14.14.53,path:map00903
ec:1.14.14.53,path:ec00903
ec:1.2.1.3,path:map00903
ec:1.2.1.3,path:ec00903
ec:1.3.99.25,path:map00903
ec:1.3.99.25,path:ec00903
ec:3.1.1.83,path:map00903
ec:3.1.1.83,path:ec00903
ec:3.3.2.8,path:map00903
ec:3.3.2.8,path:ec00903
ec:4.2.1.17,path:map00903
ec:4.2.1.17,path:ec00903
ec:5.5.1.10,path:map00903
ec:5.5.1.10,path:ec00903
ec:1.1.1.295,path:map00904
ec:1.1.1.295,path:ec00904
ec:1.14.11.12,path:map00904
ec:1.14.11.12,path:ec00904
ec:1.14.11.13,path:map00904
ec:1.14.11.13,path:ec00904
ec:1.14.11.15,path:map00904
ec:1.14.11.15,path:ec00904
ec:1.14.13.108,path:map00904
ec:1.14.13.108,path:ec00904
ec:1.14.13.109,path:map00904
ec:1.14.13.109,path:ec00904
ec:1.14.13.110,path:map00904
ec:1.14.13.110,path:ec00904
ec:1.14.13.143,path:map00904
ec:1.14.13.143,path:ec00904
ec:1.14.13.144,path:map00904
ec:1.14.13.144,path:ec00904
ec:1.14.13.145,path:map00904
ec:1.14.13.145,path:ec00904
ec:1.14.13.146,path:map00904
ec:1.14.13.146,path:ec00904
ec:1.14.13.190,path:map00904
ec:1.14.13.190,path:ec00904
ec:1.14.13.76,path:map00904
ec:1.14.13.76,path:ec00904
ec:1.14.13.77,path:map00904
ec:1.14.13.77,path:ec00904
ec:1.14.13.78,path:map00904
ec:1.14.13.78,path:ec00904
ec:1.14.13.79,path:map00904
ec:1.14.13.79,path:ec00904
ec:1.14.99.37,path:map00904
ec:1.14.99.37,path:ec00904
ec:1.2.1.74,path:map00904
ec:1.2.1.74,path:ec00904
ec:2.3.1.162,path:map00904
ec:2.3.1.162,path:ec00904
ec:2.3.1.166,path:map00904
ec:2.3.1.166,path:ec00904
ec:2.3.1.167,path:map00904
ec:2.3.1.167,path:ec00904
ec:3.1.7.10,path:map00904
ec:3.1.7.10,path:ec00904
ec:3.1.7.5,path:map00904
ec:3.1.7.5,path:ec00904
ec:4.2.1.133,path:map00904
ec:4.2.1.133,path:ec00904
ec:4.2.3.103,path:map00904
ec:4.2.3.103,path:ec00904
ec:4.2.3.131,path:map00904
ec:4.2.3.131,path:ec00904
ec:4.2.3.132,path:map00904
ec:4.2.3.132,path:ec00904
ec:4.2.3.140,path:map00904
ec:4.2.3.140,path:ec00904
ec:4.2.3.141,path:map00904
ec:4.2.3.141,path:ec00904
ec:4.2.3.144,path:map00904
ec:4.2.3.144,path:ec00904
ec:4.2.3.147,path:map00904
ec:4.2.3.147,path:ec00904
ec:4.2.3.17,path:map00904
ec:4.2.3.17,path:ec00904
ec:4.2.3.18,path:map00904
ec:4.2.3.18,path:ec00904
ec:4.2.3.19,path:map00904
ec:4.2.3.19,path:ec00904
ec:4.2.3.28,path:map00904
ec:4.2.3.28,path:ec00904
ec:4.2.3.29,path:map00904
ec:4.2.3.29,path:ec00904
ec:4.2.3.30,path:map00904
ec:4.2.3.30,path:ec00904
ec:4.2.3.32,path:map00904
ec:4.2.3.32,path:ec00904
ec:4.2.3.33,path:map00904
ec:4.2.3.33,path:ec00904
ec:4.2.3.34,path:map00904
ec:4.2.3.34,path:ec00904
ec:4.2.3.35,path:map00904
ec:4.2.3.35,path:ec00904
ec:4.2.3.42,path:map00904
ec:4.2.3.42,path:ec00904
ec:4.2.3.43,path:map00904
ec:4.2.3.43,path:ec00904
ec:4.2.3.44,path:map00904
ec:4.2.3.44,path:ec00904
ec:4.2.3.45,path:map00904
ec:4.2.3.45,path:ec00904
ec:4.2.3.8,path:map00904
ec:4.2.3.8,path:ec00904
ec:4.2.3.99,path:map00904
ec:4.2.3.99,path:ec00904
ec:5.5.1.12,path:map00904
ec:5.5.1.12,path:ec00904
ec:5.5.1.13,path:map00904
ec:5.5.1.13,path:ec00904
ec:5.5.1.14,path:map00904
ec:5.5.1.14,path:ec00904
ec:1.14.13.112,path:map00905
ec:1.14.13.112,path:ec00905
ec:1.3.1.22,path:map00905
ec:1.3.1.22,path:ec00905
ec:1.1.1.288,path:map00906
ec:1.1.1.288,path:ec00906
ec:1.13.11.51,path:map00906
ec:1.13.11.51,path:ec00906
ec:1.13.11.59,path:map00906
ec:1.13.11.59,path:ec00906
ec:1.13.11.68,path:map00906
ec:1.13.11.68,path:ec00906
ec:1.13.11.69,path:map00906
ec:1.13.11.69,path:ec00906
ec:1.14.13.93,path:map00906
ec:1.14.13.93,path:ec00906
ec:1.14.15.21,path:map00906
ec:1.14.15.21,path:ec00906
ec:1.14.15.24,path:map00906
ec:1.14.15.24,path:ec00906
ec:1.14.15.9,path:map00906
ec:1.14.15.9,path:ec00906
ec:1.14.99.44,path:map00906
ec:1.14.99.44,path:ec00906
ec:1.14.99.45,path:map00906
ec:1.14.99.45,path:ec00906
ec:1.2.1.82,path:map00906
ec:1.2.1.82,path:ec00906
ec:1.2.3.14,path:map00906
ec:1.2.3.14,path:ec00906
ec:1.23.5.1,path:map00906
ec:1.23.5.1,path:ec00906
ec:1.3.5.5,path:map00906
ec:1.3.5.5,path:ec00906
ec:1.3.5.6,path:map00906
ec:1.3.5.6,path:ec00906
ec:1.3.8.2,path:map00906
ec:1.3.8.2,path:ec00906
ec:1.3.99.26,path:map00906
ec:1.3.99.26,path:ec00906
ec:1.3.99.27,path:map00906
ec:1.3.99.27,path:ec00906
ec:1.3.99.28,path:map00906
ec:1.3.99.28,path:ec00906
ec:1.3.99.30,path:map00906
ec:1.3.99.30,path:ec00906
ec:1.3.99.31,path:map00906
ec:1.3.99.31,path:ec00906
ec:2.1.1.210,path:map00906
ec:2.1.1.210,path:ec00906
ec:2.4.1.263,path:map00906
ec:2.4.1.263,path:ec00906
ec:2.4.1.276,path:map00906
ec:2.4.1.276,path:ec00906
ec:2.5.1.32,path:map00906
ec:2.5.1.32,path:ec00906
ec:2.5.1.96,path:map00906
ec:2.5.1.96,path:ec00906
ec:2.5.1.99,path:map00906
ec:2.5.1.99,path:ec00906
ec:3.2.1.175,path:map00906
ec:3.2.1.175,path:ec00906
ec:4.2.1.131,path:map00906
ec:4.2.1.131,path:ec00906
ec:5.2.1.12,path:map00906
ec:5.2.1.12,path:ec00906
ec:5.2.1.13,path:map00906
ec:5.2.1.13,path:ec00906
ec:5.2.1.14,path:map00906
ec:5.2.1.14,path:ec00906
ec:5.3.99.8,path:map00906
ec:5.3.99.8,path:ec00906
ec:5.3.99.9,path:map00906
ec:5.3.99.9,path:ec00906
ec:5.5.1.18,path:map00906
ec:5.5.1.18,path:ec00906
ec:5.5.1.19,path:map00906
ec:5.5.1.19,path:ec00906
ec:1.3.1.69,path:map00908
ec:1.3.1.69,path:ec00908
ec:1.5.99.12,path:map00908
ec:1.5.99.12,path:ec00908
ec:2.4.1.203,path:map00908
ec:2.4.1.203,path:ec00908
ec:2.4.1.215,path:map00908
ec:2.4.1.215,path:ec00908
ec:2.4.2.40,path:map00908
ec:2.4.2.40,path:ec00908
ec:2.5.1.112,path:map00908
ec:2.5.1.112,path:ec00908
ec:2.5.1.24,path:map00908
ec:2.5.1.24,path:ec00908
ec:2.5.1.27,path:map00908
ec:2.5.1.27,path:ec00908
ec:2.5.1.50,path:map00908
ec:2.5.1.50,path:ec00908
ec:2.5.1.75,path:map00908
ec:2.5.1.75,path:ec00908
ec:1.1.1.216,path:map00909
ec:1.1.1.216,path:ec00909
ec:1.1.1.314,path:map00909
ec:1.1.1.314,path:ec00909
ec:1.14.13.106,path:map00909
ec:1.14.13.106,path:ec00909
ec:1.14.13.119,path:map00909
ec:1.14.13.119,path:ec00909
ec:1.14.13.120,path:map00909
ec:1.14.13.120,path:ec00909
ec:1.14.13.121,path:map00909
ec:1.14.13.121,path:ec00909
ec:1.14.13.123,path:map00909
ec:1.14.13.123,path:ec00909
ec:1.14.13.133,path:map00909
ec:1.14.13.133,path:ec00909
ec:1.14.14.17,path:map00909
ec:1.14.14.17,path:ec00909
ec:1.14.99.43,path:map00909
ec:1.14.99.43,path:ec00909
ec:2.5.1.21,path:map00909
ec:2.5.1.21,path:ec00909
ec:3.1.7.6,path:map00909
ec:3.1.7.6,path:ec00909
ec:4.1.99.16,path:map00909
ec:4.1.99.16,path:ec00909
ec:4.2.1.123,path:map00909
ec:4.2.1.123,path:ec00909
ec:4.2.1.124,path:map00909
ec:4.2.1.124,path:ec00909
ec:4.2.1.125,path:map00909
ec:4.2.1.125,path:ec00909
ec:4.2.1.128,path:map00909
ec:4.2.1.128,path:ec00909
ec:4.2.1.129,path:map00909
ec:4.2.1.129,path:ec00909
ec:4.2.1.138,path:map00909
ec:4.2.1.138,path:ec00909
ec:4.2.3.104,path:map00909
ec:4.2.3.104,path:ec00909
ec:4.2.3.13,path:map00909
ec:4.2.3.13,path:ec00909
ec:4.2.3.137,path:map00909
ec:4.2.3.137,path:ec00909
ec:4.2.3.21,path:map00909
ec:4.2.3.21,path:ec00909
ec:4.2.3.22,path:map00909
ec:4.2.3.22,path:ec00909
ec:4.2.3.23,path:map00909
ec:4.2.3.23,path:ec00909
ec:4.2.3.24,path:map00909
ec:4.2.3.24,path:ec00909
ec:4.2.3.37,path:map00909
ec:4.2.3.37,path:ec00909
ec:4.2.3.38,path:map00909
ec:4.2.3.38,path:ec00909
ec:4.2.3.39,path:map00909
ec:4.2.3.39,path:ec00909
ec:4.2.3.40,path:map00909
ec:4.2.3.40,path:ec00909
ec:4.2.3.46,path:map00909
ec:4.2.3.46,path:ec00909
ec:4.2.3.47,path:map00909
ec:4.2.3.47,path:ec00909
ec:4.2.3.48,path:map00909
ec:4.2.3.48,path:ec00909
ec:4.2.3.49,path:map00909
ec:4.2.3.49,path:ec00909
ec:4.2.3.50,path:map00909
ec:4.2.3.50,path:ec00909
ec:4.2.3.55,path:map00909
ec:4.2.3.55,path:ec00909
ec:4.2.3.56,path:map00909
ec:4.2.3.56,path:ec00909
ec:4.2.3.57,path:map00909
ec:4.2.3.57,path:ec00909
ec:4.2.3.58,path:map00909
ec:4.2.3.58,path:ec00909
ec:4.2.3.59,path:map00909
ec:4.2.3.59,path:ec00909
ec:4.2.3.6,path:map00909
ec:4.2.3.6,path:ec00909
ec:4.2.3.60,path:map00909
ec:4.2.3.60,path:ec00909
ec:4.2.3.61,path:map00909
ec:4.2.3.61,path:ec00909
ec:4.2.3.66,path:map00909
ec:4.2.3.66,path:ec00909
ec:4.2.3.67,path:map00909
ec:4.2.3.67,path:ec00909
ec:4.2.3.69,path:map00909
ec:4.2.3.69,path:ec00909
ec:4.2.3.7,path:map00909
ec:4.2.3.7,path:ec00909
ec:4.2.3.70,path:map00909
ec:4.2.3.70,path:ec00909
ec:4.2.3.71,path:map00909
ec:4.2.3.71,path:ec00909
ec:4.2.3.73,path:map00909
ec:4.2.3.73,path:ec00909
ec:4.2.3.75,path:map00909
ec:4.2.3.75,path:ec00909
ec:4.2.3.76,path:map00909
ec:4.2.3.76,path:ec00909
ec:4.2.3.78,path:map00909
ec:4.2.3.78,path:ec00909
ec:4.2.3.79,path:map00909
ec:4.2.3.79,path:ec00909
ec:4.2.3.86,path:map00909
ec:4.2.3.86,path:ec00909
ec:4.2.3.89,path:map00909
ec:4.2.3.89,path:ec00909
ec:4.2.3.9,path:map00909
ec:4.2.3.9,path:ec00909
ec:4.2.3.90,path:map00909
ec:4.2.3.90,path:ec00909
ec:4.2.3.96,path:map00909
ec:4.2.3.96,path:ec00909
ec:5.2.1.9,path:map00909
ec:5.2.1.9,path:ec00909
ec:5.4.99.17,path:map00909
ec:5.4.99.17,path:ec00909
ec:5.4.99.31,path:map00909
ec:5.4.99.31,path:ec00909
ec:5.4.99.32,path:map00909
ec:5.4.99.32,path:ec00909
ec:5.4.99.33,path:map00909
ec:5.4.99.33,path:ec00909
ec:5.4.99.34,path:map00909
ec:5.4.99.34,path:ec00909
ec:5.4.99.35,path:map00909
ec:5.4.99.35,path:ec00909
ec:5.4.99.36,path:map00909
ec:5.4.99.36,path:ec00909
ec:5.4.99.37,path:map00909
ec:5.4.99.37,path:ec00909
ec:5.4.99.38,path:map00909
ec:5.4.99.38,path:ec00909
ec:5.4.99.39,path:map00909
ec:5.4.99.39,path:ec00909
ec:5.4.99.40,path:map00909
ec:5.4.99.40,path:ec00909
ec:5.4.99.41,path:map00909
ec:5.4.99.41,path:ec00909
ec:5.4.99.47,path:map00909
ec:5.4.99.47,path:ec00909
ec:5.4.99.48,path:map00909
ec:5.4.99.48,path:ec00909
ec:5.4.99.52,path:map00909
ec:5.4.99.52,path:ec00909
ec:5.4.99.53,path:map00909
ec:5.4.99.53,path:ec00909
ec:5.4.99.54,path:map00909
ec:5.4.99.54,path:ec00909
ec:5.4.99.56,path:map00909
ec:5.4.99.56,path:ec00909
ec:5.4.99.57,path:map00909
ec:5.4.99.57,path:ec00909
ec:5.5.1.17,path:map00909
ec:5.5.1.17,path:ec00909
ec:1.13.12.16,path:map00910
ec:1.13.12.16,path:ec00910
ec:1.14.99.39,path:map00910
ec:1.14.99.39,path:ec00910
ec:1.18.6.1,path:map00910
ec:1.18.6.1,path:ec00910
ec:1.19.6.1,path:map00910
ec:1.19.6.1,path:ec00910
ec:1.4.1.13,path:map00910
ec:1.4.1.13,path:ec00910
ec:1.4.1.14,path:map00910
ec:1.4.1.14,path:ec00910
ec:1.4.1.2,path:map00910
ec:1.4.1.2,path:ec00910
ec:1.4.1.3,path:map00910
ec:1.4.1.3,path:ec00910
ec:1.4.1.4,path:map00910
ec:1.4.1.4,path:ec00910
ec:1.4.7.1,path:map00910
ec:1.4.7.1,path:ec00910
ec:1.7.1.1,path:map00910
ec:1.7.1.1,path:ec00910
ec:1.7.1.10,path:map00910
ec:1.7.1.10,path:ec00910
ec:1.7.1.14,path:map00910
ec:1.7.1.14,path:ec00910
ec:1.7.1.15,path:map00910
ec:1.7.1.15,path:ec00910
ec:1.7.1.2,path:map00910
ec:1.7.1.2,path:ec00910
ec:1.7.1.3,path:map00910
ec:1.7.1.3,path:ec00910
ec:1.7.1.4,path:map00910
ec:1.7.1.4,path:ec00910
ec:1.7.2.1,path:map00910
ec:1.7.2.1,path:ec00910
ec:1.7.2.2,path:map00910
ec:1.7.2.2,path:ec00910
ec:1.7.2.4,path:map00910
ec:1.7.2.4,path:ec00910
ec:1.7.2.5,path:map00910
ec:1.7.2.5,path:ec00910
ec:1.7.2.6,path:map00910
ec:1.7.2.6,path:ec00910
ec:1.7.2.7,path:map00910
ec:1.7.2.7,path:ec00910
ec:1.7.2.8,path:map00910
ec:1.7.2.8,path:ec00910
ec:1.7.3.1,path:map00910
ec:1.7.3.1,path:ec00910
ec:1.7.5.1,path:map00910
ec:1.7.5.1,path:ec00910
ec:1.7.7.1,path:map00910
ec:1.7.7.1,path:ec00910
ec:1.7.7.2,path:map00910
ec:1.7.7.2,path:ec00910
ec:1.7.99.1,path:map00910
ec:1.7.99.1,path:ec00910
ec:1.9.6.1,path:map00910
ec:1.9.6.1,path:ec00910
ec:2.7.2.2,path:map00910
ec:2.7.2.2,path:ec00910
ec:3.5.1.49,path:map00910
ec:3.5.1.49,path:ec00910
ec:3.5.5.1,path:map00910
ec:3.5.5.1,path:ec00910
ec:4.2.1.1,path:map00910
ec:4.2.1.1,path:ec00910
ec:4.2.1.104,path:map00910
ec:4.2.1.104,path:ec00910
ec:6.3.1.2,path:map00910
ec:6.3.1.2,path:ec00910
ec:6.3.4.16,path:map00910
ec:6.3.4.16,path:ec00910
ec:1.12.98.4,path:map00920
ec:1.12.98.4,path:ec00920
ec:1.13.11.18,path:map00920
ec:1.13.11.18,path:ec00920
ec:1.13.11.55,path:map00920
ec:1.13.11.55,path:ec00920
ec:1.14.11.17,path:map00920
ec:1.14.11.17,path:ec00920
ec:1.14.13.111,path:map00920
ec:1.14.13.111,path:ec00920
ec:1.14.13.131,path:map00920
ec:1.14.13.131,path:ec00920
ec:1.14.14.35,path:map00920
ec:1.14.14.35,path:ec00920
ec:1.14.14.5,path:map00920
ec:1.14.14.5,path:ec00920
ec:1.8.1.17,path:map00920
ec:1.8.1.17,path:ec00920
ec:1.8.1.2,path:map00920
ec:1.8.1.2,path:ec00920
ec:1.8.2.1,path:map00920
ec:1.8.2.1,path:ec00920
ec:1.8.2.3,path:map00920
ec:1.8.2.3,path:ec00920
ec:1.8.2.4,path:map00920
ec:1.8.2.4,path:ec00920
ec:1.8.3.1,path:map00920
ec:1.8.3.1,path:ec00920
ec:1.8.3.4,path:map00920
ec:1.8.3.4,path:ec00920
ec:1.8.4.8,path:map00920
ec:1.8.4.8,path:ec00920
ec:1.8.4.9,path:map00920
ec:1.8.4.9,path:ec00920
ec:1.8.5.2,path:map00920
ec:1.8.5.2,path:ec00920
ec:1.8.5.3,path:map00920
ec:1.8.5.3,path:ec00920
ec:1.8.5.4,path:map00920
ec:1.8.5.4,path:ec00920
ec:1.8.5.5,path:map00920
ec:1.8.5.5,path:ec00920
ec:1.8.5.6,path:map00920
ec:1.8.5.6,path:ec00920
ec:1.8.5.8,path:map00920
ec:1.8.5.8,path:ec00920
ec:1.8.7.1,path:map00920
ec:1.8.7.1,path:ec00920
ec:1.8.99.2,path:map00920
ec:1.8.99.2,path:ec00920
ec:1.8.99.5,path:map00920
ec:1.8.99.5,path:ec00920
ec:2.1.1.251,path:map00920
ec:2.1.1.251,path:ec00920
ec:2.1.1.269,path:map00920
ec:2.1.1.269,path:ec00920
ec:2.1.1.334,path:map00920
ec:2.1.1.334,path:ec00920
ec:2.3.1.30,path:map00920
ec:2.3.1.30,path:ec00920
ec:2.3.1.46,path:map00920
ec:2.3.1.46,path:ec00920
ec:2.5.1.47,path:map00920
ec:2.5.1.47,path:ec00920
ec:2.5.1.48,path:map00920
ec:2.5.1.48,path:ec00920
ec:2.5.1.65,path:map00920
ec:2.5.1.65,path:ec00920
ec:2.7.1.25,path:map00920
ec:2.7.1.25,path:ec00920
ec:2.7.7.4,path:map00920
ec:2.7.7.4,path:ec00920
ec:2.7.7.5,path:map00920
ec:2.7.7.5,path:ec00920
ec:2.8.1.1,path:map00920
ec:2.8.1.1,path:ec00920
ec:2.8.1.5,path:map00920
ec:2.8.1.5,path:ec00920
ec:3.1.3.7,path:map00920
ec:3.1.3.7,path:ec00920
ec:3.12.1.1,path:map00920
ec:3.12.1.1,path:ec00920
ec:3.6.2.1,path:map00920
ec:3.6.2.1,path:ec00920
ec:3.6.2.2,path:map00920
ec:3.6.2.2,path:ec00920
ec:3.6.3.25,path:map00920
ec:3.6.3.25,path:ec00920
ec:3.6.3.36,path:map00920
ec:3.6.3.36,path:ec00920
ec:4.2.1.155,path:map00920
ec:4.2.1.155,path:ec00920
ec:4.4.1.2,path:map00920
ec:4.4.1.2,path:ec00920
ec:4.4.1.3,path:map00920
ec:4.4.1.3,path:ec00920
ec:6.2.1.44,path:map00920
ec:6.2.1.44,path:ec00920
ec:1.1.1.163,path:map00930
ec:1.1.1.163,path:ec00930
ec:1.1.1.174,path:map00930
ec:1.1.1.174,path:ec00930
ec:1.1.1.2,path:map00930
ec:1.1.1.2,path:ec00930
ec:1.1.1.245,path:map00930
ec:1.1.1.245,path:ec00930
ec:1.1.1.258,path:map00930
ec:1.1.1.258,path:ec00930
ec:1.1.1.35,path:map00930
ec:1.1.1.35,path:ec00930
ec:1.14.13.22,path:map00930
ec:1.14.13.22,path:ec00930
ec:1.14.13.66,path:map00930
ec:1.14.13.66,path:ec00930
ec:1.14.15.3,path:map00930
ec:1.14.15.3,path:ec00930
ec:1.2.1.4,path:map00930
ec:1.2.1.4,path:ec00930
ec:1.2.1.63,path:map00930
ec:1.2.1.63,path:ec00930
ec:1.4.3.12,path:map00930
ec:1.4.3.12,path:ec00930
ec:3.1.1.17,path:map00930
ec:3.1.1.17,path:ec00930
ec:3.1.1.83,path:map00930
ec:3.1.1.83,path:ec00930
ec:3.10.1.2,path:map00930
ec:3.10.1.2,path:ec00930
ec:3.5.1.117,path:map00930
ec:3.5.1.117,path:ec00930
ec:3.5.1.46,path:map00930
ec:3.5.1.46,path:ec00930
ec:3.5.2.12,path:map00930
ec:3.5.2.12,path:ec00930
ec:3.7.1.11,path:map00930
ec:3.7.1.11,path:ec00930
ec:4.2.1.103,path:map00930
ec:4.2.1.103,path:ec00930
ec:4.2.1.17,path:map00930
ec:4.2.1.17,path:ec00930
ec:1.1.1.195,path:map00940
ec:1.1.1.195,path:ec00940
ec:1.1.1.318,path:map00940
ec:1.1.1.318,path:ec00940
ec:1.1.1.319,path:map00940
ec:1.1.1.319,path:ec00940
ec:1.11.1.21,path:map00940
ec:1.11.1.21,path:ec00940
ec:1.11.1.7,path:map00940
ec:1.11.1.7,path:ec00940
ec:1.13.11.22,path:map00940
ec:1.13.11.22,path:ec00940
ec:1.14.13.11,path:map00940
ec:1.14.13.11,path:ec00940
ec:1.14.13.14,path:map00940
ec:1.14.13.14,path:ec00940
ec:1.14.13.36,path:map00940
ec:1.14.13.36,path:ec00940
ec:1.2.1.44,path:map00940
ec:1.2.1.44,path:ec00940
ec:1.2.1.68,path:map00940
ec:1.2.1.68,path:ec00940
ec:2.1.1.104,path:map00940
ec:2.1.1.104,path:ec00940
ec:2.1.1.146,path:map00940
ec:2.1.1.146,path:ec00940
ec:2.1.1.279,path:map00940
ec:2.1.1.279,path:ec00940
ec:2.1.1.68,path:map00940
ec:2.1.1.68,path:ec00940
ec:2.3.1.133,path:map00940
ec:2.3.1.133,path:ec00940
ec:2.3.1.91,path:map00940
ec:2.3.1.91,path:ec00940
ec:2.3.1.92,path:map00940
ec:2.3.1.92,path:ec00940
ec:2.3.1.99,path:map00940
ec:2.3.1.99,path:ec00940
ec:2.4.1.111,path:map00940
ec:2.4.1.111,path:ec00940
ec:2.4.1.114,path:map00940
ec:2.4.1.114,path:ec00940
ec:2.4.1.120,path:map00940
ec:2.4.1.120,path:ec00940
ec:2.4.1.128,path:map00940
ec:2.4.1.128,path:ec00940
ec:3.1.1.49,path:map00940
ec:3.1.1.49,path:ec00940
ec:3.2.1.126,path:map00940
ec:3.2.1.126,path:ec00940
ec:3.2.1.21,path:map00940
ec:3.2.1.21,path:ec00940
ec:4.1.1.102,path:map00940
ec:4.1.1.102,path:ec00940
ec:4.3.1.24,path:map00940
ec:4.3.1.24,path:ec00940
ec:4.3.1.25,path:map00940
ec:4.3.1.25,path:ec00940
ec:6.2.1.12,path:map00940
ec:6.2.1.12,path:ec00940
ec:1.1.1.219,path:map00941
ec:1.1.1.219,path:ec00941
ec:1.1.1.234,path:map00941
ec:1.1.1.234,path:ec00941
ec:1.14.11.19,path:map00941
ec:1.14.11.19,path:ec00941
ec:1.14.11.22,path:map00941
ec:1.14.11.22,path:ec00941
ec:1.14.11.23,path:map00941
ec:1.14.11.23,path:ec00941
ec:1.14.11.9,path:map00941
ec:1.14.11.9,path:ec00941
ec:1.14.13.11,path:map00941
ec:1.14.13.11,path:ec00941
ec:1.14.13.21,path:map00941
ec:1.14.13.21,path:ec00941
ec:1.14.13.36,path:map00941
ec:1.14.13.36,path:ec00941
ec:1.14.13.88,path:map00941
ec:1.14.13.88,path:ec00941
ec:1.17.1.3,path:map00941
ec:1.17.1.3,path:ec00941
ec:1.21.3.6,path:map00941
ec:1.21.3.6,path:ec00941
ec:1.3.1.77,path:map00941
ec:1.3.1.77,path:ec00941
ec:2.1.1.104,path:map00941
ec:2.1.1.104,path:ec00941
ec:2.1.1.338,path:map00941
ec:2.1.1.338,path:ec00941
ec:2.1.1.339,path:map00941
ec:2.1.1.339,path:ec00941
ec:2.3.1.133,path:map00941
ec:2.3.1.133,path:ec00941
ec:2.3.1.170,path:map00941
ec:2.3.1.170,path:ec00941
ec:2.3.1.74,path:map00941
ec:2.3.1.74,path:ec00941
ec:2.4.1.185,path:map00941
ec:2.4.1.185,path:ec00941
ec:2.4.1.236,path:map00941
ec:2.4.1.236,path:ec00941
ec:5.5.1.6,path:map00941
ec:5.5.1.6,path:ec00941
ec:2.3.1.153,path:map00942
ec:2.3.1.153,path:ec00942
ec:2.3.1.171,path:map00942
ec:2.3.1.171,path:ec00942
ec:2.3.1.172,path:map00942
ec:2.3.1.172,path:ec00942
ec:2.3.1.214,path:map00942
ec:2.3.1.214,path:ec00942
ec:2.3.1.215,path:map00942
ec:2.3.1.215,path:ec00942
ec:2.4.1.115,path:map00942
ec:2.4.1.115,path:ec00942
ec:2.4.1.116,path:map00942
ec:2.4.1.116,path:ec00942
ec:2.4.1.238,path:map00942
ec:2.4.1.238,path:ec00942
ec:2.4.1.249,path:map00942
ec:2.4.1.249,path:ec00942
ec:2.4.1.254,path:map00942
ec:2.4.1.254,path:ec00942
ec:2.4.1.295,path:map00942
ec:2.4.1.295,path:ec00942
ec:2.4.1.297,path:map00942
ec:2.4.1.297,path:ec00942
ec:2.4.1.298,path:map00942
ec:2.4.1.298,path:ec00942
ec:2.4.1.299,path:map00942
ec:2.4.1.299,path:ec00942
ec:2.4.1.300,path:map00942
ec:2.4.1.300,path:ec00942
ec:2.4.2.51,path:map00942
ec:2.4.2.51,path:ec00942
ec:1.1.1.348,path:map00943
ec:1.1.1.348,path:ec00943
ec:1.14.11.22,path:map00943
ec:1.14.11.22,path:ec00943
ec:1.14.13.136,path:map00943
ec:1.14.13.136,path:ec00943
ec:1.14.13.28,path:map00943
ec:1.14.13.28,path:ec00943
ec:1.14.13.52,path:map00943
ec:1.14.13.52,path:ec00943
ec:1.14.13.53,path:map00943
ec:1.14.13.53,path:ec00943
ec:1.14.13.85,path:map00943
ec:1.14.13.85,path:ec00943
ec:1.14.13.89,path:map00943
ec:1.14.13.89,path:ec00943
ec:1.3.1.45,path:map00943
ec:1.3.1.45,path:ec00943
ec:1.3.1.46,path:map00943
ec:1.3.1.46,path:ec00943
ec:1.3.1.51,path:map00943
ec:1.3.1.51,path:ec00943
ec:2.1.1.150,path:map00943
ec:2.1.1.150,path:ec00943
ec:2.1.1.212,path:map00943
ec:2.1.1.212,path:ec00943
ec:2.1.1.270,path:map00943
ec:2.1.1.270,path:ec00943
ec:2.3.1.115,path:map00943
ec:2.3.1.115,path:ec00943
ec:2.4.1.170,path:map00943
ec:2.4.1.170,path:ec00943
ec:2.5.1.36,path:map00943
ec:2.5.1.36,path:ec00943
ec:4.2.1.105,path:map00943
ec:4.2.1.105,path:ec00943
ec:4.2.1.139,path:map00943
ec:4.2.1.139,path:ec00943
ec:1.14.13.21,path:map00944
ec:1.14.13.21,path:ec00944
ec:1.14.13.88,path:map00944
ec:1.14.13.88,path:ec00944
ec:2.1.1.153,path:map00944
ec:2.1.1.153,path:ec00944
ec:2.1.1.155,path:map00944
ec:2.1.1.155,path:ec00944
ec:2.1.1.267,path:map00944
ec:2.1.1.267,path:ec00944
ec:2.1.1.42,path:map00944
ec:2.1.1.42,path:ec00944
ec:2.1.1.75,path:map00944
ec:2.1.1.75,path:ec00944
ec:2.1.1.76,path:map00944
ec:2.1.1.76,path:ec00944
ec:2.1.1.82,path:map00944
ec:2.1.1.82,path:ec00944
ec:2.1.1.83,path:map00944
ec:2.1.1.83,path:ec00944
ec:2.3.1.115,path:map00944
ec:2.3.1.115,path:ec00944
ec:2.3.1.116,path:map00944
ec:2.3.1.116,path:ec00944
ec:2.3.1.173,path:map00944
ec:2.3.1.173,path:ec00944
ec:2.4.1.105,path:map00944
ec:2.4.1.105,path:ec00944
ec:2.4.1.106,path:map00944
ec:2.4.1.106,path:ec00944
ec:2.4.1.159,path:map00944
ec:2.4.1.159,path:ec00944
ec:2.4.1.189,path:map00944
ec:2.4.1.189,path:ec00944
ec:2.4.1.190,path:map00944
ec:2.4.1.190,path:ec00944
ec:2.4.1.191,path:map00944
ec:2.4.1.191,path:ec00944
ec:2.4.1.234,path:map00944
ec:2.4.1.234,path:ec00944
ec:2.4.1.236,path:map00944
ec:2.4.1.236,path:ec00944
ec:2.4.1.239,path:map00944
ec:2.4.1.239,path:ec00944
ec:2.4.1.240,path:map00944
ec:2.4.1.240,path:ec00944
ec:2.4.1.81,path:map00944
ec:2.4.1.81,path:ec00944
ec:2.4.1.91,path:map00944
ec:2.4.1.91,path:ec00944
ec:2.4.2.25,path:map00944
ec:2.4.2.25,path:ec00944
ec:2.4.2.35,path:map00944
ec:2.4.2.35,path:ec00944
ec:2.8.2.25,path:map00944
ec:2.8.2.25,path:ec00944
ec:2.8.2.26,path:map00944
ec:2.8.2.26,path:ec00944
ec:2.8.2.27,path:map00944
ec:2.8.2.27,path:ec00944
ec:2.8.2.28,path:map00944
ec:2.8.2.28,path:ec00944
ec:3.2.1.31,path:map00944
ec:3.2.1.31,path:ec00944
ec:1.14.13.11,path:map00945
ec:1.14.13.11,path:ec00945
ec:1.14.13.36,path:map00945
ec:1.14.13.36,path:ec00945
ec:2.1.1.104,path:map00945
ec:2.1.1.104,path:ec00945
ec:2.1.1.240,path:map00945
ec:2.1.1.240,path:ec00945
ec:2.3.1.133,path:map00945
ec:2.3.1.133,path:ec00945
ec:2.3.1.146,path:map00945
ec:2.3.1.146,path:ec00945
ec:2.3.1.211,path:map00945
ec:2.3.1.211,path:ec00945
ec:2.3.1.217,path:map00945
ec:2.3.1.217,path:ec00945
ec:2.3.1.218,path:map00945
ec:2.3.1.218,path:ec00945
ec:2.3.1.219,path:map00945
ec:2.3.1.219,path:ec00945
ec:2.3.1.95,path:map00945
ec:2.3.1.95,path:ec00945
ec:2.3.1.99,path:map00945
ec:2.3.1.99,path:ec00945
ec:1.1.1.218,path:map00950
ec:1.1.1.218,path:ec00950
ec:1.1.1.247,path:map00950
ec:1.1.1.247,path:ec00950
ec:1.1.1.248,path:map00950
ec:1.1.1.248,path:ec00950
ec:1.10.3.1,path:map00950
ec:1.10.3.1,path:ec00950
ec:1.14.11.31,path:map00950
ec:1.14.11.31,path:ec00950
ec:1.14.11.32,path:map00950
ec:1.14.11.32,path:ec00950
ec:1.14.13.37,path:map00950
ec:1.14.13.37,path:ec00950
ec:1.14.13.55,path:map00950
ec:1.14.13.55,path:ec00950
ec:1.14.13.56,path:map00950
ec:1.14.13.56,path:ec00950
ec:1.14.13.57,path:map00950
ec:1.14.13.57,path:ec00950
ec:1.14.13.71,path:map00950
ec:1.14.13.71,path:ec00950
ec:1.14.16.2,path:map00950
ec:1.14.16.2,path:ec00950
ec:1.14.18.1,path:map00950
ec:1.14.18.1,path:ec00950
ec:1.14.19.50,path:map00950
ec:1.14.19.50,path:ec00950
ec:1.14.19.51,path:map00950
ec:1.14.19.51,path:ec00950
ec:1.14.21.1,path:map00950
ec:1.14.21.1,path:ec00950
ec:1.14.21.2,path:map00950
ec:1.14.21.2,path:ec00950
ec:1.14.21.3,path:map00950
ec:1.14.21.3,path:ec00950
ec:1.14.21.4,path:map00950
ec:1.14.21.4,path:ec00950
ec:1.14.21.5,path:map00950
ec:1.14.21.5,path:ec00950
ec:1.21.3.2,path:map00950
ec:1.21.3.2,path:ec00950
ec:1.21.3.3,path:map00950
ec:1.21.3.3,path:ec00950
ec:1.3.3.8,path:map00950
ec:1.3.3.8,path:ec00950
ec:1.4.3.2,path:map00950
ec:1.4.3.2,path:ec00950
ec:1.4.3.21,path:map00950
ec:1.4.3.21,path:ec00950
ec:1.4.3.4,path:map00950
ec:1.4.3.4,path:ec00950
ec:1.4.9.2,path:map00950
ec:1.4.9.2,path:ec00950
ec:1.5.1.27,path:map00950
ec:1.5.1.27,path:ec00950
ec:1.5.1.31,path:map00950
ec:1.5.1.31,path:ec00950
ec:1.5.3.12,path:map00950
ec:1.5.3.12,path:ec00950
ec:2.1.1.115,path:map00950
ec:2.1.1.115,path:ec00950
ec:2.1.1.116,path:map00950
ec:2.1.1.116,path:ec00950
ec:2.1.1.117,path:map00950
ec:2.1.1.117,path:ec00950
ec:2.1.1.118,path:map00950
ec:2.1.1.118,path:ec00950
ec:2.1.1.119,path:map00950
ec:2.1.1.119,path:ec00950
ec:2.1.1.120,path:map00950
ec:2.1.1.120,path:ec00950
ec:2.1.1.121,path:map00950
ec:2.1.1.121,path:ec00950
ec:2.1.1.122,path:map00950
ec:2.1.1.122,path:ec00950
ec:2.1.1.128,path:map00950
ec:2.1.1.128,path:ec00950
ec:2.1.1.140,path:map00950
ec:2.1.1.140,path:ec00950
ec:2.1.1.147,path:map00950
ec:2.1.1.147,path:ec00950
ec:2.1.1.291,path:map00950
ec:2.1.1.291,path:ec00950
ec:2.1.1.336,path:map00950
ec:2.1.1.336,path:ec00950
ec:2.1.1.337,path:map00950
ec:2.1.1.337,path:ec00950
ec:2.1.1.89,path:map00950
ec:2.1.1.89,path:ec00950
ec:2.3.1.150,path:map00950
ec:2.3.1.150,path:ec00950
ec:2.6.1.1,path:map00950
ec:2.6.1.1,path:ec00950
ec:2.6.1.5,path:map00950
ec:2.6.1.5,path:ec00950
ec:2.6.1.57,path:map00950
ec:2.6.1.57,path:ec00950
ec:4.1.1.108,path:map00950
ec:4.1.1.108,path:ec00950
ec:4.1.1.25,path:map00950
ec:4.1.1.25,path:ec00950
ec:4.1.1.28,path:map00950
ec:4.1.1.28,path:ec00950
ec:4.1.1.80,path:map00950
ec:4.1.1.80,path:ec00950
ec:4.2.1.78,path:map00950
ec:4.2.1.78,path:ec00950
ec:4.3.3.3,path:map00950
ec:4.3.3.3,path:ec00950
ec:4.3.3.4,path:map00950
ec:4.3.3.4,path:ec00950
ec:1.1.1.206,path:map00960
ec:1.1.1.206,path:ec00960
ec:1.1.1.222,path:map00960
ec:1.1.1.222,path:ec00960
ec:1.1.1.236,path:map00960
ec:1.1.1.236,path:ec00960
ec:1.1.1.237,path:map00960
ec:1.1.1.237,path:ec00960
ec:1.14.11.11,path:map00960
ec:1.14.11.11,path:ec00960
ec:1.14.11.14,path:map00960
ec:1.14.11.14,path:ec00960
ec:1.14.13.101,path:map00960
ec:1.14.13.101,path:ec00960
ec:1.4.1.18,path:map00960
ec:1.4.1.18,path:ec00960
ec:1.4.3.14,path:map00960
ec:1.4.3.14,path:ec00960
ec:1.4.3.21,path:map00960
ec:1.4.3.21,path:ec00960
ec:1.5.1.1,path:map00960
ec:1.5.1.1,path:ec00960
ec:1.5.1.21,path:map00960
ec:1.5.1.21,path:ec00960
ec:2.1.1.53,path:map00960
ec:2.1.1.53,path:ec00960
ec:2.3.1.145,path:map00960
ec:2.3.1.145,path:ec00960
ec:2.3.1.185,path:map00960
ec:2.3.1.185,path:ec00960
ec:2.3.1.186,path:map00960
ec:2.3.1.186,path:ec00960
ec:2.3.1.93,path:map00960
ec:2.3.1.93,path:ec00960
ec:2.5.1.44,path:map00960
ec:2.5.1.44,path:ec00960
ec:2.6.1.1,path:map00960
ec:2.6.1.1,path:ec00960
ec:2.6.1.5,path:map00960
ec:2.6.1.5,path:ec00960
ec:2.6.1.57,path:map00960
ec:2.6.1.57,path:ec00960
ec:2.6.1.58,path:map00960
ec:2.6.1.58,path:ec00960
ec:2.6.1.9,path:map00960
ec:2.6.1.9,path:ec00960
ec:2.8.3.17,path:map00960
ec:2.8.3.17,path:ec00960
ec:3.1.1.10,path:map00960
ec:3.1.1.10,path:ec00960
ec:3.1.1.84,path:map00960
ec:3.1.1.84,path:ec00960
ec:4.1.1.18,path:map00960
ec:4.1.1.18,path:ec00960
ec:1.14.18.1,path:map00965
ec:1.14.18.1,path:ec00965
ec:2.1.1.6,path:map00965
ec:2.1.1.6,path:ec00965
ec:4.1.1.28,path:map00965
ec:4.1.1.28,path:ec00965
ec:1.14.13.125,path:map00966
ec:1.14.13.125,path:ec00966
ec:1.14.14.36,path:map00966
ec:1.14.14.36,path:ec00966
ec:1.14.14.38,path:map00966
ec:1.14.14.38,path:ec00966
ec:1.14.14.39,path:map00966
ec:1.14.14.39,path:ec00966
ec:1.14.14.40,path:map00966
ec:1.14.14.40,path:ec00966
ec:1.14.14.42,path:map00966
ec:1.14.14.42,path:ec00966
ec:1.14.14.43,path:map00966
ec:1.14.14.43,path:ec00966
ec:1.14.14.45,path:map00966
ec:1.14.14.45,path:ec00966
ec:2.3.3.17,path:map00966
ec:2.3.3.17,path:ec00966
ec:2.4.1.195,path:map00966
ec:2.4.1.195,path:ec00966
ec:2.6.1.42,path:map00966
ec:2.6.1.42,path:ec00966
ec:2.6.1.88,path:map00966
ec:2.6.1.88,path:ec00966
ec:2.8.2.24,path:map00966
ec:2.8.2.24,path:ec00966
ec:2.8.2.38,path:map00966
ec:2.8.2.38,path:ec00966
ec:4.2.1.170,path:map00966
ec:4.2.1.170,path:ec00966
ec:2.1.2.9,path:map00970
ec:2.1.2.9,path:ec00970
ec:2.5.1.73,path:map00970
ec:2.5.1.73,path:ec00970
ec:2.7.1.164,path:map00970
ec:2.7.1.164,path:ec00970
ec:2.9.1.1,path:map00970
ec:2.9.1.1,path:ec00970
ec:2.9.1.2,path:map00970
ec:2.9.1.2,path:ec00970
ec:6.1.1.1,path:map00970
ec:6.1.1.1,path:ec00970
ec:6.1.1.10,path:map00970
ec:6.1.1.10,path:ec00970
ec:6.1.1.11,path:map00970
ec:6.1.1.11,path:ec00970
ec:6.1.1.12,path:map00970
ec:6.1.1.12,path:ec00970
ec:6.1.1.14,path:map00970
ec:6.1.1.14,path:ec00970
ec:6.1.1.15,path:map00970
ec:6.1.1.15,path:ec00970
ec:6.1.1.16,path:map00970
ec:6.1.1.16,path:ec00970
ec:6.1.1.17,path:map00970
ec:6.1.1.17,path:ec00970
ec:6.1.1.18,path:map00970
ec:6.1.1.18,path:ec00970
ec:6.1.1.19,path:map00970
ec:6.1.1.19,path:ec00970
ec:6.1.1.2,path:map00970
ec:6.1.1.2,path:ec00970
ec:6.1.1.20,path:map00970
ec:6.1.1.20,path:ec00970
ec:6.1.1.21,path:map00970
ec:6.1.1.21,path:ec00970
ec:6.1.1.22,path:map00970
ec:6.1.1.22,path:ec00970
ec:6.1.1.23,path:map00970
ec:6.1.1.23,path:ec00970
ec:6.1.1.24,path:map00970
ec:6.1.1.24,path:ec00970
ec:6.1.1.26,path:map00970
ec:6.1.1.26,path:ec00970
ec:6.1.1.27,path:map00970
ec:6.1.1.27,path:ec00970
ec:6.1.1.3,path:map00970
ec:6.1.1.3,path:ec00970
ec:6.1.1.4,path:map00970
ec:6.1.1.4,path:ec00970
ec:6.1.1.5,path:map00970
ec:6.1.1.5,path:ec00970
ec:6.1.1.6,path:map00970
ec:6.1.1.6,path:ec00970
ec:6.1.1.7,path:map00970
ec:6.1.1.7,path:ec00970
ec:6.1.1.9,path:map00970
ec:6.1.1.9,path:ec00970
ec:6.3.5.6,path:map00970
ec:6.3.5.6,path:ec00970
ec:6.3.5.7,path:map00970
ec:6.3.5.7,path:ec00970
ec:1.1.1.1,path:map00980
ec:1.1.1.1,path:ec00980
ec:1.1.1.146,path:map00980
ec:1.1.1.146,path:ec00980
ec:1.1.1.184,path:map00980
ec:1.1.1.184,path:ec00980
ec:1.14.14.1,path:map00980
ec:1.14.14.1,path:ec00980
ec:1.2.1.5,path:map00980
ec:1.2.1.5,path:ec00980
ec:1.3.1.20,path:map00980
ec:1.3.1.20,path:ec00980
ec:2.4.1.17,path:map00980
ec:2.4.1.17,path:ec00980
ec:2.5.1.18,path:map00980
ec:2.5.1.18,path:ec00980
ec:2.8.2.14,path:map00980
ec:2.8.2.14,path:ec00980
ec:3.3.2.9,path:map00980
ec:3.3.2.9,path:ec00980
ec:1.1.1.216,path:map00981
ec:1.1.1.216,path:ec00981
ec:1.1.3.16,path:map00981
ec:1.1.3.16,path:ec00981
ec:1.14.13.202,path:map00981
ec:1.14.13.202,path:ec00981
ec:1.14.13.203,path:map00981
ec:1.14.13.203,path:ec00981
ec:1.14.19.21,path:map00981
ec:1.14.19.21,path:ec00981
ec:1.14.99.22,path:map00981
ec:1.14.99.22,path:ec00981
ec:1.2.1.3,path:map00981
ec:1.2.1.3,path:ec00981
ec:2.1.1.325,path:map00981
ec:2.1.1.325,path:ec00981
ec:3.1.1.59,path:map00981
ec:3.1.1.59,path:ec00981
ec:1.1.1.1,path:map00982
ec:1.1.1.1,path:ec00982
ec:1.14.13.8,path:map00982
ec:1.14.13.8,path:ec00982
ec:1.14.14.1,path:map00982
ec:1.14.14.1,path:ec00982
ec:1.2.1.5,path:map00982
ec:1.2.1.5,path:ec00982
ec:1.2.3.1,path:map00982
ec:1.2.3.1,path:ec00982
ec:1.4.3.4,path:map00982
ec:1.4.3.4,path:ec00982
ec:2.4.1.17,path:map00982
ec:2.4.1.17,path:ec00982
ec:2.5.1.18,path:map00982
ec:2.5.1.18,path:ec00982
ec:1.1.1.205,path:map00983
ec:1.1.1.205,path:ec00983
ec:1.11.1.21,path:map00983
ec:1.11.1.21,path:ec00983
ec:1.11.2.2,path:map00983
ec:1.11.2.2,path:ec00983
ec:1.17.3.2,path:map00983
ec:1.17.3.2,path:ec00983
ec:1.17.4.1,path:map00983
ec:1.17.4.1,path:ec00983
ec:1.3.1.2,path:map00983
ec:1.3.1.2,path:ec00983
ec:2.1.1.67,path:map00983
ec:2.1.1.67,path:ec00983
ec:2.3.1.5,path:map00983
ec:2.3.1.5,path:ec00983
ec:2.4.1.17,path:map00983
ec:2.4.1.17,path:ec00983
ec:2.4.2.10,path:map00983
ec:2.4.2.10,path:ec00983
ec:2.4.2.3,path:map00983
ec:2.4.2.3,path:ec00983
ec:2.4.2.4,path:map00983
ec:2.4.2.4,path:ec00983
ec:2.4.2.8,path:map00983
ec:2.4.2.8,path:ec00983
ec:2.5.1.18,path:map00983
ec:2.5.1.18,path:ec00983
ec:2.7.1.21,path:map00983
ec:2.7.1.21,path:ec00983
ec:2.7.1.48,path:map00983
ec:2.7.1.48,path:ec00983
ec:2.7.4.14,path:map00983
ec:2.7.4.14,path:ec00983
ec:2.7.4.6,path:map00983
ec:2.7.4.6,path:ec00983
ec:3.1.1.1,path:map00983
ec:3.1.1.1,path:ec00983
ec:3.2.1.31,path:map00983
ec:3.2.1.31,path:ec00983
ec:3.5.1.6,path:map00983
ec:3.5.1.6,path:ec00983
ec:3.5.2.2,path:map00983
ec:3.5.2.2,path:ec00983
ec:3.5.4.5,path:map00983
ec:3.5.4.5,path:ec00983
ec:3.6.1.23,path:map00983
ec:3.6.1.23,path:ec00983
ec:6.3.5.2,path:map00983
ec:6.3.5.2,path:ec00983
ec:1.1.1.145,path:map00984
ec:1.1.1.145,path:ec00984
ec:1.1.1.51,path:map00984
ec:1.1.1.51,path:ec00984
ec:1.1.3.6,path:map00984
ec:1.1.3.6,path:ec00984
ec:1.13.11.25,path:map00984
ec:1.13.11.25,path:ec00984
ec:1.14.13.141,path:map00984
ec:1.14.13.141,path:ec00984
ec:1.14.13.142,path:map00984
ec:1.14.13.142,path:ec00984
ec:1.14.13.221,path:map00984
ec:1.14.13.221,path:ec00984
ec:1.14.14.12,path:map00984
ec:1.14.14.12,path:ec00984
ec:1.3.99.4,path:map00984
ec:1.3.99.4,path:ec00984
ec:1.3.99.5,path:map00984
ec:1.3.99.5,path:ec00984
ec:3.7.1.17,path:map00984
ec:3.7.1.17,path:ec00984
ec:5.3.3.1,path:map00984
ec:5.3.3.1,path:ec00984
ec:6.2.1.41,path:map00984
ec:6.2.1.41,path:ec00984
ec:1.1.1.100,path:map01040
ec:1.1.1.100,path:ec01040
ec:1.1.1.211,path:map01040
ec:1.1.1.211,path:ec01040
ec:1.1.1.330,path:map01040
ec:1.1.1.330,path:ec01040
ec:1.14.19.1,path:map01040
ec:1.14.19.1,path:ec01040
ec:1.14.19.2,path:map01040
ec:1.14.19.2,path:ec01040
ec:1.14.19.3,path:map01040
ec:1.14.19.3,path:ec01040
ec:1.14.19.44,path:map01040
ec:1.14.19.44,path:ec01040
ec:1.14.19.6,path:map01040
ec:1.14.19.6,path:ec01040
ec:1.3.1.38,path:map01040
ec:1.3.1.38,path:ec01040
ec:1.3.1.93,path:map01040
ec:1.3.1.93,path:ec01040
ec:1.3.3.6,path:map01040
ec:1.3.3.6,path:ec01040
ec:2.3.1.16,path:map01040
ec:2.3.1.16,path:ec01040
ec:2.3.1.199,path:map01040
ec:2.3.1.199,path:ec01040
ec:3.1.2.2,path:map01040
ec:3.1.2.2,path:ec01040
ec:4.2.1.134,path:map01040
ec:4.2.1.134,path:ec01040
ec:4.2.1.17,path:map01040
ec:4.2.1.17,path:ec01040
ec:2.1.1.315,path:map01051
ec:2.1.1.315,path:ec01051
ec:2.2.1.1,path:map01051
ec:2.2.1.1,path:ec01051
ec:2.7.1.179,path:map01051
ec:2.7.1.179,path:ec01051
ec:4.2.1.144,path:map01051
ec:4.2.1.144,path:ec01051
ec:1.3.1.28,path:map01053
ec:1.3.1.28,path:ec01053
ec:2.7.7.58,path:map01053
ec:2.7.7.58,path:ec01053
ec:3.3.2.1,path:map01053
ec:3.3.2.1,path:ec01053
ec:4.2.99.21,path:map01053
ec:4.2.99.21,path:ec01053
ec:5.4.4.2,path:map01053
ec:5.4.4.2,path:ec01053
ec:6.3.2.14,path:map01053
ec:6.3.2.14,path:ec01053
ec:1.1.3.46,path:map01055
ec:1.1.3.46,path:ec01055
ec:1.13.11.46,path:map01055
ec:1.13.11.46,path:ec01055
ec:1.13.11.80,path:map01055
ec:1.13.11.80,path:ec01055
ec:2.3.1.246,path:map01055
ec:2.3.1.246,path:ec01055
ec:2.4.1.310,path:map01055
ec:2.4.1.310,path:ec01055
ec:2.4.1.311,path:map01055
ec:2.4.1.311,path:ec01055
ec:2.4.1.322,path:map01055
ec:2.4.1.322,path:ec01055
ec:2.6.1.103,path:map01055
ec:2.6.1.103,path:ec01055
ec:4.2.1.159,path:map01055
ec:4.2.1.159,path:ec01055
ec:4.2.1.46,path:map01055
ec:4.2.1.46,path:ec01055
ec:2.3.1.235,path:map01056
ec:2.3.1.235,path:ec01056
ec:2.3.1.260,path:map01056
ec:2.3.1.260,path:ec01056
ec:1.1.1.362,path:map01057
ec:1.1.1.362,path:ec01057
ec:1.1.3.45,path:map01057
ec:1.1.3.45,path:ec01057
ec:1.13.12.21,path:map01057
ec:1.13.12.21,path:ec01057
ec:1.13.12.22,path:map01057
ec:1.13.12.22,path:ec01057
ec:1.14.13.180,path:map01057
ec:1.14.13.180,path:ec01057
ec:1.14.13.181,path:map01057
ec:1.14.13.181,path:ec01057
ec:1.14.13.200,path:map01057
ec:1.14.13.200,path:ec01057
ec:1.14.13.232,path:map01057
ec:1.14.13.232,path:ec01057
ec:1.14.13.233,path:map01057
ec:1.14.13.233,path:ec01057
ec:1.14.13.234,path:map01057
ec:1.14.13.234,path:ec01057
ec:1.14.13.38,path:map01057
ec:1.14.13.38,path:ec01057
ec:1.14.19.49,path:map01057
ec:1.14.19.49,path:ec01057
ec:1.3.3.14,path:map01057
ec:1.3.3.14,path:ec01057
ec:1.3.98.4,path:map01057
ec:1.3.98.4,path:ec01057
ec:2.1.1.288,path:map01057
ec:2.1.1.288,path:ec01057
ec:2.1.1.292,path:map01057
ec:2.1.1.292,path:ec01057
ec:2.1.1.305,path:map01057
ec:2.1.1.305,path:ec01057
ec:2.1.1.306,path:map01057
ec:2.1.1.306,path:ec01057
ec:2.1.1.307,path:map01057
ec:2.1.1.307,path:ec01057
ec:2.1.1.335,path:map01057
ec:2.1.1.335,path:ec01057
ec:2.4.1.326,path:map01057
ec:2.4.1.326,path:ec01057
ec:2.4.1.327,path:map01057
ec:2.4.1.327,path:ec01057
ec:2.4.1.331,path:map01057
ec:2.4.1.331,path:ec01057
ec:3.1.1.95,path:map01057
ec:3.1.1.95,path:ec01057
ec:4.2.1.154,path:map01057
ec:4.2.1.154,path:ec01057
ec:5.5.1.23,path:map01057
ec:5.5.1.23,path:ec01057
ec:5.5.1.26,path:map01057
ec:5.5.1.26,path:ec01057
ec:2.1.1.111,path:map01058
ec:2.1.1.111,path:ec01058
ec:2.3.1.159,path:map01058
ec:2.3.1.159,path:ec01058
ec:6.2.1.32,path:map01058
ec:6.2.1.32,path:ec01058
ec:1.14.14.15,path:map01059
ec:1.14.14.15,path:ec01059
ec:1.14.99.49,path:map01059
ec:1.14.99.49,path:ec01059
ec:1.3.99.24,path:map01059
ec:1.3.99.24,path:ec01059
ec:2.1.1.303,path:map01059
ec:2.1.1.303,path:ec01059
ec:2.3.1.165,path:map01059
ec:2.3.1.165,path:ec01059
ec:2.3.1.237,path:map01059
ec:2.3.1.237,path:ec01059
ec:2.6.1.86,path:map01059
ec:2.6.1.86,path:ec01059
ec:5.4.3.6,path:map01059
ec:5.4.3.6,path:ec01059
ec:6.2.1.43,path:map01059
ec:6.2.1.43,path:ec01059
ec:2.5.1.32,path:map01062
ec:2.5.1.32,path:ec01062
ec:1.1.1.1,path:map01100
ec:1.1.1.1,path:ec01100
ec:1.1.1.10,path:map01100
ec:1.1.1.10,path:ec01100
ec:1.1.1.100,path:map01100
ec:1.1.1.100,path:ec01100
ec:1.1.1.101,path:map01100
ec:1.1.1.101,path:ec01100
ec:1.1.1.102,path:map01100
ec:1.1.1.102,path:ec01100
ec:1.1.1.105,path:map01100
ec:1.1.1.105,path:ec01100
ec:1.1.1.11,path:map01100
ec:1.1.1.11,path:ec01100
ec:1.1.1.12,path:map01100
ec:1.1.1.12,path:ec01100
ec:1.1.1.120,path:map01100
ec:1.1.1.120,path:ec01100
ec:1.1.1.122,path:map01100
ec:1.1.1.122,path:ec01100
ec:1.1.1.137,path:map01100
ec:1.1.1.137,path:ec01100
ec:1.1.1.14,path:map01100
ec:1.1.1.14,path:ec01100
ec:1.1.1.145,path:map01100
ec:1.1.1.145,path:ec01100
ec:1.1.1.146,path:map01100
ec:1.1.1.146,path:ec01100
ec:1.1.1.15,path:map01100
ec:1.1.1.15,path:ec01100
ec:1.1.1.153,path:map01100
ec:1.1.1.153,path:ec01100
ec:1.1.1.156,path:map01100
ec:1.1.1.156,path:ec01100
ec:1.1.1.157,path:map01100
ec:1.1.1.157,path:ec01100
ec:1.1.1.169,path:map01100
ec:1.1.1.169,path:ec01100
ec:1.1.1.170,path:map01100
ec:1.1.1.170,path:ec01100
ec:1.1.1.178,path:map01100
ec:1.1.1.178,path:ec01100
ec:1.1.1.18,path:map01100
ec:1.1.1.18,path:ec01100
ec:1.1.1.181,path:map01100
ec:1.1.1.181,path:ec01100
ec:1.1.1.184,path:map01100
ec:1.1.1.184,path:ec01100
ec:1.1.1.189,path:map01100
ec:1.1.1.189,path:ec01100
ec:1.1.1.19,path:map01100
ec:1.1.1.19,path:ec01100
ec:1.1.1.193,path:map01100
ec:1.1.1.193,path:ec01100
ec:1.1.1.195,path:map01100
ec:1.1.1.195,path:ec01100
ec:1.1.1.2,path:map01100
ec:1.1.1.2,path:ec01100
ec:1.1.1.205,path:map01100
ec:1.1.1.205,path:ec01100
ec:1.1.1.206,path:map01100
ec:1.1.1.206,path:ec01100
ec:1.1.1.21,path:map01100
ec:1.1.1.21,path:ec01100
ec:1.1.1.211,path:map01100
ec:1.1.1.211,path:ec01100
ec:1.1.1.215,path:map01100
ec:1.1.1.215,path:ec01100
ec:1.1.1.219,path:map01100
ec:1.1.1.219,path:ec01100
ec:1.1.1.22,path:map01100
ec:1.1.1.22,path:ec01100
ec:1.1.1.220,path:map01100
ec:1.1.1.220,path:ec01100
ec:1.1.1.23,path:map01100
ec:1.1.1.23,path:ec01100
ec:1.1.1.239,path:map01100
ec:1.1.1.239,path:ec01100
ec:1.1.1.244,path:map01100
ec:1.1.1.244,path:ec01100
ec:1.1.1.247,path:map01100
ec:1.1.1.247,path:ec01100
ec:1.1.1.248,path:map01100
ec:1.1.1.248,path:ec01100
ec:1.1.1.25,path:map01100
ec:1.1.1.25,path:ec01100
ec:1.1.1.250,path:map01100
ec:1.1.1.250,path:ec01100
ec:1.1.1.251,path:map01100
ec:1.1.1.251,path:ec01100
ec:1.1.1.256,path:map01100
ec:1.1.1.256,path:ec01100
ec:1.1.1.26,path:map01100
ec:1.1.1.26,path:ec01100
ec:1.1.1.262,path:map01100
ec:1.1.1.262,path:ec01100
ec:1.1.1.267,path:map01100
ec:1.1.1.267,path:ec01100
ec:1.1.1.27,path:map01100
ec:1.1.1.27,path:ec01100
ec:1.1.1.270,path:map01100
ec:1.1.1.270,path:ec01100
ec:1.1.1.271,path:map01100
ec:1.1.1.271,path:ec01100
ec:1.1.1.282,path:map01100
ec:1.1.1.282,path:ec01100
ec:1.1.1.286,path:map01100
ec:1.1.1.286,path:ec01100
ec:1.1.1.287,path:map01100
ec:1.1.1.287,path:ec01100
ec:1.1.1.288,path:map01100
ec:1.1.1.288,path:ec01100
ec:1.1.1.29,path:map01100
ec:1.1.1.29,path:ec01100
ec:1.1.1.290,path:map01100
ec:1.1.1.290,path:ec01100
ec:1.1.1.294,path:map01100
ec:1.1.1.294,path:ec01100
ec:1.1.1.3,path:map01100
ec:1.1.1.3,path:ec01100
ec:1.1.1.30,path:map01100
ec:1.1.1.30,path:ec01100
ec:1.1.1.302,path:map01100
ec:1.1.1.302,path:ec01100
ec:1.1.1.307,path:map01100
ec:1.1.1.307,path:ec01100
ec:1.1.1.31,path:map01100
ec:1.1.1.31,path:ec01100
ec:1.1.1.313,path:map01100
ec:1.1.1.313,path:ec01100
ec:1.1.1.316,path:map01100
ec:1.1.1.316,path:ec01100
ec:1.1.1.324,path:map01100
ec:1.1.1.324,path:ec01100
ec:1.1.1.34,path:map01100
ec:1.1.1.34,path:ec01100
ec:1.1.1.343,path:map01100
ec:1.1.1.343,path:ec01100
ec:1.1.1.35,path:map01100
ec:1.1.1.35,path:ec01100
ec:1.1.1.359,path:map01100
ec:1.1.1.359,path:ec01100
ec:1.1.1.36,path:map01100
ec:1.1.1.36,path:ec01100
ec:1.1.1.3601,path:map01100
ec:1.1.1.3601,path:ec01100
ec:1.1.1.363,path:map01100
ec:1.1.1.363,path:ec01100
ec:1.1.1.365,path:map01100
ec:1.1.1.365,path:ec01100
ec:1.1.1.368,path:map01100
ec:1.1.1.368,path:ec01100
ec:1.1.1.37,path:map01100
ec:1.1.1.37,path:ec01100
ec:1.1.1.372,path:map01100
ec:1.1.1.372,path:ec01100
ec:1.1.1.380,path:map01100
ec:1.1.1.380,path:ec01100
ec:1.1.1.39,path:map01100
ec:1.1.1.39,path:ec01100
ec:1.1.1.40,path:map01100
ec:1.1.1.40,path:ec01100
ec:1.1.1.404,path:map01100
ec:1.1.1.404,path:ec01100
ec:1.1.1.405,path:map01100
ec:1.1.1.405,path:ec01100
ec:1.1.1.41,path:map01100
ec:1.1.1.41,path:ec01100
ec:1.1.1.42,path:map01100
ec:1.1.1.42,path:ec01100
ec:1.1.1.43,path:map01100
ec:1.1.1.43,path:ec01100
ec:1.1.1.44,path:map01100
ec:1.1.1.44,path:ec01100
ec:1.1.1.45,path:map01100
ec:1.1.1.45,path:ec01100
ec:1.1.1.46,path:map01100
ec:1.1.1.46,path:ec01100
ec:1.1.1.48,path:map01100
ec:1.1.1.48,path:ec01100
ec:1.1.1.49,path:map01100
ec:1.1.1.49,path:ec01100
ec:1.1.1.50,path:map01100
ec:1.1.1.50,path:ec01100
ec:1.1.1.51,path:map01100
ec:1.1.1.51,path:ec01100
ec:1.1.1.53,path:map01100
ec:1.1.1.53,path:ec01100
ec:1.1.1.56,path:map01100
ec:1.1.1.56,path:ec01100
ec:1.1.1.57,path:map01100
ec:1.1.1.57,path:ec01100
ec:1.1.1.58,path:map01100
ec:1.1.1.58,path:ec01100
ec:1.1.1.59,path:map01100
ec:1.1.1.59,path:ec01100
ec:1.1.1.6,path:map01100
ec:1.1.1.6,path:ec01100
ec:1.1.1.60,path:map01100
ec:1.1.1.60,path:ec01100
ec:1.1.1.61,path:map01100
ec:1.1.1.61,path:ec01100
ec:1.1.1.62,path:map01100
ec:1.1.1.62,path:ec01100
ec:1.1.1.64,path:map01100
ec:1.1.1.64,path:ec01100
ec:1.1.1.65,path:map01100
ec:1.1.1.65,path:ec01100
ec:1.1.1.79,path:map01100
ec:1.1.1.79,path:ec01100
ec:1.1.1.81,path:map01100
ec:1.1.1.81,path:ec01100
ec:1.1.1.82,path:map01100
ec:1.1.1.82,path:ec01100
ec:1.1.1.85,path:map01100
ec:1.1.1.85,path:ec01100
ec:1.1.1.86,path:map01100
ec:1.1.1.86,path:ec01100
ec:1.1.1.87,path:map01100
ec:1.1.1.87,path:ec01100
ec:1.1.1.9,path:map01100
ec:1.1.1.9,path:ec01100
ec:1.1.1.90,path:map01100
ec:1.1.1.90,path:ec01100
ec:1.1.1.95,path:map01100
ec:1.1.1.95,path:ec01100
ec:1.1.2.3,path:map01100
ec:1.1.2.3,path:ec01100
ec:1.1.2.7,path:map01100
ec:1.1.2.7,path:ec01100
ec:1.1.2.8,path:map01100
ec:1.1.2.8,path:ec01100
ec:1.1.3.13,path:map01100
ec:1.1.3.13,path:ec01100
ec:1.1.3.15,path:map01100
ec:1.1.3.15,path:ec01100
ec:1.1.3.17,path:map01100
ec:1.1.3.17,path:ec01100
ec:1.1.3.23,path:map01100
ec:1.1.3.23,path:ec01100
ec:1.1.3.4,path:map01100
ec:1.1.3.4,path:ec01100
ec:1.1.3.41,path:map01100
ec:1.1.3.41,path:ec01100
ec:1.1.3.5,path:map01100
ec:1.1.3.5,path:ec01100
ec:1.1.3.8,path:map01100
ec:1.1.3.8,path:ec01100
ec:1.1.5.4,path:map01100
ec:1.1.5.4,path:ec01100
ec:1.1.5.8,path:map01100
ec:1.1.5.8,path:ec01100
ec:1.1.5.9,path:map01100
ec:1.1.5.9,path:ec01100
ec:1.1.98.6,path:map01100
ec:1.1.98.6,path:ec01100
ec:1.1.99.1,path:map01100
ec:1.1.99.1,path:ec01100
ec:1.1.99.14,path:map01100
ec:1.1.99.14,path:ec01100
ec:1.1.99.3,path:map01100
ec:1.1.99.3,path:ec01100
ec:1.1.99.7,path:map01100
ec:1.1.99.7,path:ec01100
ec:1.10.2.2,path:map01100
ec:1.10.2.2,path:ec01100
ec:1.10.3.1,path:map01100
ec:1.10.3.1,path:ec01100
ec:1.10.3.3,path:map01100
ec:1.10.3.3,path:ec01100
ec:1.11.1.15,path:map01100
ec:1.11.1.15,path:ec01100
ec:1.11.1.20,path:map01100
ec:1.11.1.20,path:ec01100
ec:1.11.1.7,path:map01100
ec:1.11.1.7,path:ec01100
ec:1.11.1.8,path:map01100
ec:1.11.1.8,path:ec01100
ec:1.12.98.1,path:map01100
ec:1.12.98.1,path:ec01100
ec:1.12.98.2,path:map01100
ec:1.12.98.2,path:ec01100
ec:1.13.11.1,path:map01100
ec:1.13.11.1,path:ec01100
ec:1.13.11.11,path:map01100
ec:1.13.11.11,path:ec01100
ec:1.13.11.12,path:map01100
ec:1.13.11.12,path:ec01100
ec:1.13.11.19,path:map01100
ec:1.13.11.19,path:ec01100
ec:1.13.11.2,path:map01100
ec:1.13.11.2,path:ec01100
ec:1.13.11.20,path:map01100
ec:1.13.11.20,path:ec01100
ec:1.13.11.25,path:map01100
ec:1.13.11.25,path:ec01100
ec:1.13.11.27,path:map01100
ec:1.13.11.27,path:ec01100
ec:1.13.11.3,path:map01100
ec:1.13.11.3,path:ec01100
ec:1.13.11.33,path:map01100
ec:1.13.11.33,path:ec01100
ec:1.13.11.34,path:map01100
ec:1.13.11.34,path:ec01100
ec:1.13.11.37,path:map01100
ec:1.13.11.37,path:ec01100
ec:1.13.11.39,path:map01100
ec:1.13.11.39,path:ec01100
ec:1.13.11.4,path:map01100
ec:1.13.11.4,path:ec01100
ec:1.13.11.5,path:map01100
ec:1.13.11.5,path:ec01100
ec:1.13.11.51,path:map01100
ec:1.13.11.51,path:ec01100
ec:1.13.11.52,path:map01100
ec:1.13.11.52,path:ec01100
ec:1.13.11.53,path:map01100
ec:1.13.11.53,path:ec01100
ec:1.13.11.54,path:map01100
ec:1.13.11.54,path:ec01100
ec:1.13.11.56,path:map01100
ec:1.13.11.56,path:ec01100
ec:1.13.11.59,path:map01100
ec:1.13.11.59,path:ec01100
ec:1.13.11.6,path:map01100
ec:1.13.11.6,path:ec01100
ec:1.13.11.63,path:map01100
ec:1.13.11.63,path:ec01100
ec:1.13.11.79,path:map01100
ec:1.13.11.79,path:ec01100
ec:1.14.11.11,path:map01100
ec:1.14.11.11,path:ec01100
ec:1.14.11.12,path:map01100
ec:1.14.11.12,path:ec01100
ec:1.14.11.14,path:map01100
ec:1.14.11.14,path:ec01100
ec:1.14.11.15,path:map01100
ec:1.14.11.15,path:ec01100
ec:1.14.11.19,path:map01100
ec:1.14.11.19,path:ec01100
ec:1.14.11.2,path:map01100
ec:1.14.11.2,path:ec01100
ec:1.14.11.22,path:map01100
ec:1.14.11.22,path:ec01100
ec:1.14.11.23,path:map01100
ec:1.14.11.23,path:ec01100
ec:1.14.11.26,path:map01100
ec:1.14.11.26,path:ec01100
ec:1.14.11.31,path:map01100
ec:1.14.11.31,path:ec01100
ec:1.14.11.32,path:map01100
ec:1.14.11.32,path:ec01100
ec:1.14.11.9,path:map01100
ec:1.14.11.9,path:ec01100
ec:1.14.12.10,path:map01100
ec:1.14.12.10,path:ec01100
ec:1.14.12.12,path:map01100
ec:1.14.12.12,path:ec01100
ec:1.14.12.14,path:map01100
ec:1.14.12.14,path:ec01100
ec:1.14.12.15,path:map01100
ec:1.14.12.15,path:ec01100
ec:1.14.12.18,path:map01100
ec:1.14.12.18,path:ec01100
ec:1.14.12.22,path:map01100
ec:1.14.12.22,path:ec01100
ec:1.14.12.7,path:map01100
ec:1.14.12.7,path:ec01100
ec:1.14.13.1,path:map01100
ec:1.14.13.1,path:ec01100
ec:1.14.13.108,path:map01100
ec:1.14.13.108,path:ec01100
ec:1.14.13.109,path:map01100
ec:1.14.13.109,path:ec01100
ec:1.14.13.11,path:map01100
ec:1.14.13.11,path:ec01100
ec:1.14.13.113,path:map01100
ec:1.14.13.113,path:ec01100
ec:1.14.13.12,path:map01100
ec:1.14.13.12,path:ec01100
ec:1.14.13.122,path:map01100
ec:1.14.13.122,path:ec01100
ec:1.14.13.142,path:map01100
ec:1.14.13.142,path:ec01100
ec:1.14.13.152,path:map01100
ec:1.14.13.152,path:ec01100
ec:1.14.13.168,path:map01100
ec:1.14.13.168,path:ec01100
ec:1.14.13.178,path:map01100
ec:1.14.13.178,path:ec01100
ec:1.14.13.179,path:map01100
ec:1.14.13.179,path:ec01100
ec:1.14.13.2,path:map01100
ec:1.14.13.2,path:ec01100
ec:1.14.13.20,path:map01100
ec:1.14.13.20,path:ec01100
ec:1.14.13.21,path:map01100
ec:1.14.13.21,path:ec01100
ec:1.14.13.236,path:map01100
ec:1.14.13.236,path:ec01100
ec:1.14.13.25,path:map01100
ec:1.14.13.25,path:ec01100
ec:1.14.13.30,path:map01100
ec:1.14.13.30,path:ec01100
ec:1.14.13.33,path:map01100
ec:1.14.13.33,path:ec01100
ec:1.14.13.36,path:map01100
ec:1.14.13.36,path:ec01100
ec:1.14.13.37,path:map01100
ec:1.14.13.37,path:ec01100
ec:1.14.13.39,path:map01100
ec:1.14.13.39,path:ec01100
ec:1.14.13.50,path:map01100
ec:1.14.13.50,path:ec01100
ec:1.14.13.55,path:map01100
ec:1.14.13.55,path:ec01100
ec:1.14.13.56,path:map01100
ec:1.14.13.56,path:ec01100
ec:1.14.13.57,path:map01100
ec:1.14.13.57,path:ec01100
ec:1.14.13.69,path:map01100
ec:1.14.13.69,path:ec01100
ec:1.14.13.7,path:map01100
ec:1.14.13.7,path:ec01100
ec:1.14.13.70,path:map01100
ec:1.14.13.70,path:ec01100
ec:1.14.13.71,path:map01100
ec:1.14.13.71,path:ec01100
ec:1.14.13.74,path:map01100
ec:1.14.13.74,path:ec01100
ec:1.14.13.77,path:map01100
ec:1.14.13.77,path:ec01100
ec:1.14.13.78,path:map01100
ec:1.14.13.78,path:ec01100
ec:1.14.13.79,path:map01100
ec:1.14.13.79,path:ec01100
ec:1.14.13.81,path:map01100
ec:1.14.13.81,path:ec01100
ec:1.14.13.83,path:map01100
ec:1.14.13.83,path:ec01100
ec:1.14.13.84,path:map01100
ec:1.14.13.84,path:ec01100
ec:1.14.13.9,path:map01100
ec:1.14.13.9,path:ec01100
ec:1.14.14.1,path:map01100
ec:1.14.14.1,path:ec01100
ec:1.14.14.11,path:map01100
ec:1.14.14.11,path:ec01100
ec:1.14.14.12,path:map01100
ec:1.14.14.12,path:ec01100
ec:1.14.14.14,path:map01100
ec:1.14.14.14,path:ec01100
ec:1.14.14.16,path:map01100
ec:1.14.14.16,path:ec01100
ec:1.14.14.17,path:map01100
ec:1.14.14.17,path:ec01100
ec:1.14.14.18,path:map01100
ec:1.14.14.18,path:ec01100
ec:1.14.14.19,path:map01100
ec:1.14.14.19,path:ec01100
ec:1.14.14.23,path:map01100
ec:1.14.14.23,path:ec01100
ec:1.14.14.24,path:map01100
ec:1.14.14.24,path:ec01100
ec:1.14.14.32,path:map01100
ec:1.14.14.32,path:ec01100
ec:1.14.14.47,path:map01100
ec:1.14.14.47,path:ec01100
ec:1.14.14.54,path:map01100
ec:1.14.14.54,path:ec01100
ec:1.14.15.15,path:map01100
ec:1.14.15.15,path:ec01100
ec:1.14.15.16,path:map01100
ec:1.14.15.16,path:ec01100
ec:1.14.15.18,path:map01100
ec:1.14.15.18,path:ec01100
ec:1.14.15.20,path:map01100
ec:1.14.15.20,path:ec01100
ec:1.14.15.21,path:map01100
ec:1.14.15.21,path:ec01100
ec:1.14.15.22,path:map01100
ec:1.14.15.22,path:ec01100
ec:1.14.15.3,path:map01100
ec:1.14.15.3,path:ec01100
ec:1.14.15.4,path:map01100
ec:1.14.15.4,path:ec01100
ec:1.14.15.5,path:map01100
ec:1.14.15.5,path:ec01100
ec:1.14.15.6,path:map01100
ec:1.14.15.6,path:ec01100
ec:1.14.15.9,path:map01100
ec:1.14.15.9,path:ec01100
ec:1.14.16.1,path:map01100
ec:1.14.16.1,path:ec01100
ec:1.14.16.2,path:map01100
ec:1.14.16.2,path:ec01100
ec:1.14.16.4,path:map01100
ec:1.14.16.4,path:ec01100
ec:1.14.17.1,path:map01100
ec:1.14.17.1,path:ec01100
ec:1.14.17.4,path:map01100
ec:1.14.17.4,path:ec01100
ec:1.14.18.1,path:map01100
ec:1.14.18.1,path:ec01100
ec:1.14.18.3,path:map01100
ec:1.14.18.3,path:ec01100
ec:1.14.18.5,path:map01100
ec:1.14.18.5,path:ec01100
ec:1.14.18.8,path:map01100
ec:1.14.18.8,path:ec01100
ec:1.14.18.9,path:map01100
ec:1.14.18.9,path:ec01100
ec:1.14.19.17,path:map01100
ec:1.14.19.17,path:ec01100
ec:1.14.19.20,path:map01100
ec:1.14.19.20,path:ec01100
ec:1.14.19.3,path:map01100
ec:1.14.19.3,path:ec01100
ec:1.14.19.41,path:map01100
ec:1.14.19.41,path:ec01100
ec:1.14.20.1,path:map01100
ec:1.14.20.1,path:ec01100
ec:1.14.21.1,path:map01100
ec:1.14.21.1,path:ec01100
ec:1.14.21.2,path:map01100
ec:1.14.21.2,path:ec01100
ec:1.14.21.4,path:map01100
ec:1.14.21.4,path:ec01100
ec:1.14.99.1,path:map01100
ec:1.14.99.1,path:ec01100
ec:1.14.99.19,path:map01100
ec:1.14.99.19,path:ec01100
ec:1.14.99.37,path:map01100
ec:1.14.99.37,path:ec01100
ec:1.14.99.45,path:map01100
ec:1.14.99.45,path:ec01100
ec:1.14.99.46,path:map01100
ec:1.14.99.46,path:ec01100
ec:1.16.1.4,path:map01100
ec:1.16.1.4,path:ec01100
ec:1.16.1.5,path:map01100
ec:1.16.1.5,path:ec01100
ec:1.16.1.6,path:map01100
ec:1.16.1.6,path:ec01100
ec:1.16.8.1,path:map01100
ec:1.16.8.1,path:ec01100
ec:1.17.1.10,path:map01100
ec:1.17.1.10,path:ec01100
ec:1.17.1.4,path:map01100
ec:1.17.1.4,path:ec01100
ec:1.17.1.8,path:map01100
ec:1.17.1.8,path:ec01100
ec:1.17.1.9,path:map01100
ec:1.17.1.9,path:ec01100
ec:1.17.3.2,path:map01100
ec:1.17.3.2,path:ec01100
ec:1.17.4.1,path:map01100
ec:1.17.4.1,path:ec01100
ec:1.17.4.2,path:map01100
ec:1.17.4.2,path:ec01100
ec:1.17.7.1,path:map01100
ec:1.17.7.1,path:ec01100
ec:1.17.7.2,path:map01100
ec:1.17.7.2,path:ec01100
ec:1.17.7.3,path:map01100
ec:1.17.7.3,path:ec01100
ec:1.17.7.4,path:map01100
ec:1.17.7.4,path:ec01100
ec:1.17.99.1,path:map01100
ec:1.17.99.1,path:ec01100
ec:1.17.99.2,path:map01100
ec:1.17.99.2,path:ec01100
ec:1.17.99.3,path:map01100
ec:1.17.99.3,path:ec01100
ec:1.18.1.2,path:map01100
ec:1.18.1.2,path:ec01100
ec:1.18.6.1,path:map01100
ec:1.18.6.1,path:ec01100
ec:1.19.6.1,path:map01100
ec:1.19.6.1,path:ec01100
ec:1.2.1.10,path:map01100
ec:1.2.1.10,path:ec01100
ec:1.2.1.11,path:map01100
ec:1.2.1.11,path:ec01100
ec:1.2.1.12,path:map01100
ec:1.2.1.12,path:ec01100
ec:1.2.1.13,path:map01100
ec:1.2.1.13,path:ec01100
ec:1.2.1.16,path:map01100
ec:1.2.1.16,path:ec01100
ec:1.2.1.17,path:map01100
ec:1.2.1.17,path:ec01100
ec:1.2.1.18,path:map01100
ec:1.2.1.18,path:ec01100
ec:1.2.1.19,path:map01100
ec:1.2.1.19,path:ec01100
ec:1.2.1.24,path:map01100
ec:1.2.1.24,path:ec01100
ec:1.2.1.27,path:map01100
ec:1.2.1.27,path:ec01100
ec:1.2.1.28,path:map01100
ec:1.2.1.28,path:ec01100
ec:1.2.1.29,path:map01100
ec:1.2.1.29,path:ec01100
ec:1.2.1.3,path:map01100
ec:1.2.1.3,path:ec01100
ec:1.2.1.31,path:map01100
ec:1.2.1.31,path:ec01100
ec:1.2.1.36,path:map01100
ec:1.2.1.36,path:ec01100
ec:1.2.1.38,path:map01100
ec:1.2.1.38,path:ec01100
ec:1.2.1.39,path:map01100
ec:1.2.1.39,path:ec01100
ec:1.2.1.4,path:map01100
ec:1.2.1.4,path:ec01100
ec:1.2.1.41,path:map01100
ec:1.2.1.41,path:ec01100
ec:1.2.1.44,path:map01100
ec:1.2.1.44,path:ec01100
ec:1.2.1.46,path:map01100
ec:1.2.1.46,path:ec01100
ec:1.2.1.5,path:map01100
ec:1.2.1.5,path:ec01100
ec:1.2.1.54,path:map01100
ec:1.2.1.54,path:ec01100
ec:1.2.1.59,path:map01100
ec:1.2.1.59,path:ec01100
ec:1.2.1.63,path:map01100
ec:1.2.1.63,path:ec01100
ec:1.2.1.65,path:map01100
ec:1.2.1.65,path:ec01100
ec:1.2.1.7,path:map01100
ec:1.2.1.7,path:ec01100
ec:1.2.1.70,path:map01100
ec:1.2.1.70,path:ec01100
ec:1.2.1.71,path:map01100
ec:1.2.1.71,path:ec01100
ec:1.2.1.72,path:map01100
ec:1.2.1.72,path:ec01100
ec:1.2.1.74,path:map01100
ec:1.2.1.74,path:ec01100
ec:1.2.1.75,path:map01100
ec:1.2.1.75,path:ec01100
ec:1.2.1.76,path:map01100
ec:1.2.1.76,path:ec01100
ec:1.2.1.79,path:map01100
ec:1.2.1.79,path:ec01100
ec:1.2.1.8,path:map01100
ec:1.2.1.8,path:ec01100
ec:1.2.1.82,path:map01100
ec:1.2.1.82,path:ec01100
ec:1.2.1.85,path:map01100
ec:1.2.1.85,path:ec01100
ec:1.2.1.87,path:map01100
ec:1.2.1.87,path:ec01100
ec:1.2.1.88,path:map01100
ec:1.2.1.88,path:ec01100
ec:1.2.1.89,path:map01100
ec:1.2.1.89,path:ec01100
ec:1.2.1.9,path:map01100
ec:1.2.1.9,path:ec01100
ec:1.2.1.90,path:map01100
ec:1.2.1.90,path:ec01100
ec:1.2.1.95,path:map01100
ec:1.2.1.95,path:ec01100
ec:1.2.1.99,path:map01100
ec:1.2.1.99,path:ec01100
ec:1.2.3.1,path:map01100
ec:1.2.3.1,path:ec01100
ec:1.2.3.14,path:map01100
ec:1.2.3.14,path:ec01100
ec:1.2.3.3,path:map01100
ec:1.2.3.3,path:ec01100
ec:1.2.3.5,path:map01100
ec:1.2.3.5,path:ec01100
ec:1.2.3.8,path:map01100
ec:1.2.3.8,path:ec01100
ec:1.2.4.1,path:map01100
ec:1.2.4.1,path:ec01100
ec:1.2.4.2,path:map01100
ec:1.2.4.2,path:ec01100
ec:1.2.4.4,path:map01100
ec:1.2.4.4,path:ec01100
ec:1.2.7.1,path:map01100
ec:1.2.7.1,path:ec01100
ec:1.2.7.11,path:map01100
ec:1.2.7.11,path:ec01100
ec:1.2.7.12,path:map01100
ec:1.2.7.12,path:ec01100
ec:1.2.7.3,path:map01100
ec:1.2.7.3,path:ec01100
ec:1.2.7.5,path:map01100
ec:1.2.7.5,path:ec01100
ec:1.2.7.6,path:map01100
ec:1.2.7.6,path:ec01100
ec:1.2.7.7,path:map01100
ec:1.2.7.7,path:ec01100
ec:1.2.99.8,path:map01100
ec:1.2.99.8,path:ec01100
ec:1.21.1.2,path:map01100
ec:1.21.1.2,path:ec01100
ec:1.21.3.1,path:map01100
ec:1.21.3.1,path:ec01100
ec:1.21.3.3,path:map01100
ec:1.21.3.3,path:ec01100
ec:1.21.99.5,path:map01100
ec:1.21.99.5,path:ec01100
ec:1.23.5.1,path:map01100
ec:1.23.5.1,path:ec01100
ec:1.3.1.1,path:map01100
ec:1.3.1.1,path:ec01100
ec:1.3.1.10,path:map01100
ec:1.3.1.10,path:ec01100
ec:1.3.1.104,path:map01100
ec:1.3.1.104,path:ec01100
ec:1.3.1.106,path:map01100
ec:1.3.1.106,path:ec01100
ec:1.3.1.12,path:map01100
ec:1.3.1.12,path:ec01100
ec:1.3.1.13,path:map01100
ec:1.3.1.13,path:ec01100
ec:1.3.1.14,path:map01100
ec:1.3.1.14,path:ec01100
ec:1.3.1.19,path:map01100
ec:1.3.1.19,path:ec01100
ec:1.3.1.2,path:map01100
ec:1.3.1.2,path:ec01100
ec:1.3.1.21,path:map01100
ec:1.3.1.21,path:ec01100
ec:1.3.1.22,path:map01100
ec:1.3.1.22,path:ec01100
ec:1.3.1.24,path:map01100
ec:1.3.1.24,path:ec01100
ec:1.3.1.25,path:map01100
ec:1.3.1.25,path:ec01100
ec:1.3.1.29,path:map01100
ec:1.3.1.29,path:ec01100
ec:1.3.1.3,path:map01100
ec:1.3.1.3,path:ec01100
ec:1.3.1.32,path:map01100
ec:1.3.1.32,path:ec01100
ec:1.3.1.33,path:map01100
ec:1.3.1.33,path:ec01100
ec:1.3.1.38,path:map01100
ec:1.3.1.38,path:ec01100
ec:1.3.1.42,path:map01100
ec:1.3.1.42,path:ec01100
ec:1.3.1.43,path:map01100
ec:1.3.1.43,path:ec01100
ec:1.3.1.44,path:map01100
ec:1.3.1.44,path:ec01100
ec:1.3.1.49,path:map01100
ec:1.3.1.49,path:ec01100
ec:1.3.1.53,path:map01100
ec:1.3.1.53,path:ec01100
ec:1.3.1.54,path:map01100
ec:1.3.1.54,path:ec01100
ec:1.3.1.56,path:map01100
ec:1.3.1.56,path:ec01100
ec:1.3.1.64,path:map01100
ec:1.3.1.64,path:ec01100
ec:1.3.1.66,path:map01100
ec:1.3.1.66,path:ec01100
ec:1.3.1.67,path:map01100
ec:1.3.1.67,path:ec01100
ec:1.3.1.68,path:map01100
ec:1.3.1.68,path:ec01100
ec:1.3.1.70,path:map01100
ec:1.3.1.70,path:ec01100
ec:1.3.1.71,path:map01100
ec:1.3.1.71,path:ec01100
ec:1.3.1.72,path:map01100
ec:1.3.1.72,path:ec01100
ec:1.3.1.75,path:map01100
ec:1.3.1.75,path:ec01100
ec:1.3.1.76,path:map01100
ec:1.3.1.76,path:ec01100
ec:1.3.1.78,path:map01100
ec:1.3.1.78,path:ec01100
ec:1.3.1.8,path:map01100
ec:1.3.1.8,path:ec01100
ec:1.3.1.83,path:map01100
ec:1.3.1.83,path:ec01100
ec:1.3.1.9,path:map01100
ec:1.3.1.9,path:ec01100
ec:1.3.1.95,path:map01100
ec:1.3.1.95,path:ec01100
ec:1.3.1.98,path:map01100
ec:1.3.1.98,path:ec01100
ec:1.3.2.3,path:map01100
ec:1.3.2.3,path:ec01100
ec:1.3.3.12,path:map01100
ec:1.3.3.12,path:ec01100
ec:1.3.3.15,path:map01100
ec:1.3.3.15,path:ec01100
ec:1.3.3.3,path:map01100
ec:1.3.3.3,path:ec01100
ec:1.3.3.4,path:map01100
ec:1.3.3.4,path:ec01100
ec:1.3.3.6,path:map01100
ec:1.3.3.6,path:ec01100
ec:1.3.3.9,path:map01100
ec:1.3.3.9,path:ec01100
ec:1.3.5.1,path:map01100
ec:1.3.5.1,path:ec01100
ec:1.3.5.2,path:map01100
ec:1.3.5.2,path:ec01100
ec:1.3.5.3,path:map01100
ec:1.3.5.3,path:ec01100
ec:1.3.5.4,path:map01100
ec:1.3.5.4,path:ec01100
ec:1.3.5.5,path:map01100
ec:1.3.5.5,path:ec01100
ec:1.3.5.6,path:map01100
ec:1.3.5.6,path:ec01100
ec:1.3.7.13,path:map01100
ec:1.3.7.13,path:ec01100
ec:1.3.7.7,path:map01100
ec:1.3.7.7,path:ec01100
ec:1.3.7.8,path:map01100
ec:1.3.7.8,path:ec01100
ec:1.3.7.9,path:map01100
ec:1.3.7.9,path:ec01100
ec:1.3.8.1,path:map01100
ec:1.3.8.1,path:ec01100
ec:1.3.8.3,path:map01100
ec:1.3.8.3,path:ec01100
ec:1.3.8.4,path:map01100
ec:1.3.8.4,path:ec01100
ec:1.3.8.6,path:map01100
ec:1.3.8.6,path:ec01100
ec:1.3.8.7,path:map01100
ec:1.3.8.7,path:ec01100
ec:1.3.8.8,path:map01100
ec:1.3.8.8,path:ec01100
ec:1.3.8.9,path:map01100
ec:1.3.8.9,path:ec01100
ec:1.3.98.1,path:map01100
ec:1.3.98.1,path:ec01100
ec:1.3.98.3,path:map01100
ec:1.3.98.3,path:ec01100
ec:1.3.99.12,path:map01100
ec:1.3.99.12,path:ec01100
ec:1.3.99.26,path:map01100
ec:1.3.99.26,path:ec01100
ec:1.3.99.27,path:map01100
ec:1.3.99.27,path:ec01100
ec:1.3.99.28,path:map01100
ec:1.3.99.28,path:ec01100
ec:1.3.99.29,path:map01100
ec:1.3.99.29,path:ec01100
ec:1.3.99.30,path:map01100
ec:1.3.99.30,path:ec01100
ec:1.3.99.31,path:map01100
ec:1.3.99.31,path:ec01100
ec:1.3.99.4,path:map01100
ec:1.3.99.4,path:ec01100
ec:1.3.99.6,path:map01100
ec:1.3.99.6,path:ec01100
ec:1.4.1.1,path:map01100
ec:1.4.1.1,path:ec01100
ec:1.4.1.13,path:map01100
ec:1.4.1.13,path:ec01100
ec:1.4.1.14,path:map01100
ec:1.4.1.14,path:ec01100
ec:1.4.1.16,path:map01100
ec:1.4.1.16,path:ec01100
ec:1.4.1.18,path:map01100
ec:1.4.1.18,path:ec01100
ec:1.4.1.2,path:map01100
ec:1.4.1.2,path:ec01100
ec:1.4.1.20,path:map01100
ec:1.4.1.20,path:ec01100
ec:1.4.1.21,path:map01100
ec:1.4.1.21,path:ec01100
ec:1.4.1.23,path:map01100
ec:1.4.1.23,path:ec01100
ec:1.4.1.3,path:map01100
ec:1.4.1.3,path:ec01100
ec:1.4.1.4,path:map01100
ec:1.4.1.4,path:ec01100
ec:1.4.1.9,path:map01100
ec:1.4.1.9,path:ec01100
ec:1.4.2.1,path:map01100
ec:1.4.2.1,path:ec01100
ec:1.4.3.10,path:map01100
ec:1.4.3.10,path:ec01100
ec:1.4.3.14,path:map01100
ec:1.4.3.14,path:ec01100
ec:1.4.3.16,path:map01100
ec:1.4.3.16,path:ec01100
ec:1.4.3.19,path:map01100
ec:1.4.3.19,path:ec01100
ec:1.4.3.2,path:map01100
ec:1.4.3.2,path:ec01100
ec:1.4.3.21,path:map01100
ec:1.4.3.21,path:ec01100
ec:1.4.3.22,path:map01100
ec:1.4.3.22,path:ec01100
ec:1.4.3.3,path:map01100
ec:1.4.3.3,path:ec01100
ec:1.4.3.4,path:map01100
ec:1.4.3.4,path:ec01100
ec:1.4.3.5,path:map01100
ec:1.4.3.5,path:ec01100
ec:1.4.4.2,path:map01100
ec:1.4.4.2,path:ec01100
ec:1.4.9.2,path:map01100
ec:1.4.9.2,path:ec01100
ec:1.4.99.6,path:map01100
ec:1.4.99.6,path:ec01100
ec:1.5.1.1,path:map01100
ec:1.5.1.1,path:ec01100
ec:1.5.1.10,path:map01100
ec:1.5.1.10,path:ec01100
ec:1.5.1.15,path:map01100
ec:1.5.1.15,path:ec01100
ec:1.5.1.18,path:map01100
ec:1.5.1.18,path:ec01100
ec:1.5.1.2,path:map01100
ec:1.5.1.2,path:ec01100
ec:1.5.1.20,path:map01100
ec:1.5.1.20,path:ec01100
ec:1.5.1.21,path:map01100
ec:1.5.1.21,path:ec01100
ec:1.5.1.27,path:map01100
ec:1.5.1.27,path:ec01100
ec:1.5.1.3,path:map01100
ec:1.5.1.3,path:ec01100
ec:1.5.1.30,path:map01100
ec:1.5.1.30,path:ec01100
ec:1.5.1.34,path:map01100
ec:1.5.1.34,path:ec01100
ec:1.5.1.36,path:map01100
ec:1.5.1.36,path:ec01100
ec:1.5.1.37,path:map01100
ec:1.5.1.37,path:ec01100
ec:1.5.1.38,path:map01100
ec:1.5.1.38,path:ec01100
ec:1.5.1.39,path:map01100
ec:1.5.1.39,path:ec01100
ec:1.5.1.41,path:map01100
ec:1.5.1.41,path:ec01100
ec:1.5.1.42,path:map01100
ec:1.5.1.42,path:ec01100
ec:1.5.1.43,path:map01100
ec:1.5.1.43,path:ec01100
ec:1.5.1.45,path:map01100
ec:1.5.1.45,path:ec01100
ec:1.5.1.5,path:map01100
ec:1.5.1.5,path:ec01100
ec:1.5.1.7,path:map01100
ec:1.5.1.7,path:ec01100
ec:1.5.1.8,path:map01100
ec:1.5.1.8,path:ec01100
ec:1.5.1.9,path:map01100
ec:1.5.1.9,path:ec01100
ec:1.5.3.1,path:map01100
ec:1.5.3.1,path:ec01100
ec:1.5.3.12,path:map01100
ec:1.5.3.12,path:ec01100
ec:1.5.3.14,path:map01100
ec:1.5.3.14,path:ec01100
ec:1.5.3.7,path:map01100
ec:1.5.3.7,path:ec01100
ec:1.5.5.2,path:map01100
ec:1.5.5.2,path:ec01100
ec:1.5.5.3,path:map01100
ec:1.5.5.3,path:ec01100
ec:1.5.7.1,path:map01100
ec:1.5.7.1,path:ec01100
ec:1.5.8.3,path:map01100
ec:1.5.8.3,path:ec01100
ec:1.5.8.4,path:map01100
ec:1.5.8.4,path:ec01100
ec:1.5.98.1,path:map01100
ec:1.5.98.1,path:ec01100
ec:1.5.98.2,path:map01100
ec:1.5.98.2,path:ec01100
ec:1.5.99.3,path:map01100
ec:1.5.99.3,path:ec01100
ec:1.5.99.6,path:map01100
ec:1.5.99.6,path:ec01100
ec:1.6.1.1,path:map01100
ec:1.6.1.1,path:ec01100
ec:1.6.1.2,path:map01100
ec:1.6.1.2,path:ec01100
ec:1.6.5.3,path:map01100
ec:1.6.5.3,path:ec01100
ec:1.6.5.4,path:map01100
ec:1.6.5.4,path:ec01100
ec:1.6.5.7,path:map01100
ec:1.6.5.7,path:ec01100
ec:1.6.99.3,path:map01100
ec:1.6.99.3,path:ec01100
ec:1.7.1.13,path:map01100
ec:1.7.1.13,path:ec01100
ec:1.7.3.3,path:map01100
ec:1.7.3.3,path:ec01100
ec:1.8.1.12,path:map01100
ec:1.8.1.12,path:ec01100
ec:1.8.1.2,path:map01100
ec:1.8.1.2,path:ec01100
ec:1.8.1.3,path:map01100
ec:1.8.1.3,path:ec01100
ec:1.8.1.4,path:map01100
ec:1.8.1.4,path:ec01100
ec:1.8.2.1,path:map01100
ec:1.8.2.1,path:ec01100
ec:1.8.3.1,path:map01100
ec:1.8.3.1,path:ec01100
ec:1.8.4.8,path:map01100
ec:1.8.4.8,path:ec01100
ec:1.8.5.1,path:map01100
ec:1.8.5.1,path:ec01100
ec:1.8.5.6,path:map01100
ec:1.8.5.6,path:ec01100
ec:1.8.7.1,path:map01100
ec:1.8.7.1,path:ec01100
ec:1.8.98.1,path:map01100
ec:1.8.98.1,path:ec01100
ec:1.8.99.2,path:map01100
ec:1.8.99.2,path:ec01100
ec:1.8.99.5,path:map01100
ec:1.8.99.5,path:ec01100
ec:1.9.3.1,path:map01100
ec:1.9.3.1,path:ec01100
ec:2.1.1.1,path:map01100
ec:2.1.1.1,path:ec01100
ec:2.1.1.10,path:map01100
ec:2.1.1.10,path:ec01100
ec:2.1.1.104,path:map01100
ec:2.1.1.104,path:ec01100
ec:2.1.1.107,path:map01100
ec:2.1.1.107,path:ec01100
ec:2.1.1.11,path:map01100
ec:2.1.1.11,path:ec01100
ec:2.1.1.114,path:map01100
ec:2.1.1.114,path:ec01100
ec:2.1.1.116,path:map01100
ec:2.1.1.116,path:ec01100
ec:2.1.1.119,path:map01100
ec:2.1.1.119,path:ec01100
ec:2.1.1.120,path:map01100
ec:2.1.1.120,path:ec01100
ec:2.1.1.122,path:map01100
ec:2.1.1.122,path:ec01100
ec:2.1.1.128,path:map01100
ec:2.1.1.128,path:ec01100
ec:2.1.1.13,path:map01100
ec:2.1.1.13,path:ec01100
ec:2.1.1.130,path:map01100
ec:2.1.1.130,path:ec01100
ec:2.1.1.131,path:map01100
ec:2.1.1.131,path:ec01100
ec:2.1.1.132,path:map01100
ec:2.1.1.132,path:ec01100
ec:2.1.1.133,path:map01100
ec:2.1.1.133,path:ec01100
ec:2.1.1.14,path:map01100
ec:2.1.1.14,path:ec01100
ec:2.1.1.140,path:map01100
ec:2.1.1.140,path:ec01100
ec:2.1.1.148,path:map01100
ec:2.1.1.148,path:ec01100
ec:2.1.1.151,path:map01100
ec:2.1.1.151,path:ec01100
ec:2.1.1.152,path:map01100
ec:2.1.1.152,path:ec01100
ec:2.1.1.158,path:map01100
ec:2.1.1.158,path:ec01100
ec:2.1.1.159,path:map01100
ec:2.1.1.159,path:ec01100
ec:2.1.1.160,path:map01100
ec:2.1.1.160,path:ec01100
ec:2.1.1.163,path:map01100
ec:2.1.1.163,path:ec01100
ec:2.1.1.17,path:map01100
ec:2.1.1.17,path:ec01100
ec:2.1.1.195,path:map01100
ec:2.1.1.195,path:ec01100
ec:2.1.1.197,path:map01100
ec:2.1.1.197,path:ec01100
ec:2.1.1.2,path:map01100
ec:2.1.1.2,path:ec01100
ec:2.1.1.201,path:map01100
ec:2.1.1.201,path:ec01100
ec:2.1.1.210,path:map01100
ec:2.1.1.210,path:ec01100
ec:2.1.1.222,path:map01100
ec:2.1.1.222,path:ec01100
ec:2.1.1.271,path:map01100
ec:2.1.1.271,path:ec01100
ec:2.1.1.272,path:map01100
ec:2.1.1.272,path:ec01100
ec:2.1.1.28,path:map01100
ec:2.1.1.28,path:ec01100
ec:2.1.1.289,path:map01100
ec:2.1.1.289,path:ec01100
ec:2.1.1.295,path:map01100
ec:2.1.1.295,path:ec01100
ec:2.1.1.37,path:map01100
ec:2.1.1.37,path:ec01100
ec:2.1.1.4,path:map01100
ec:2.1.1.4,path:ec01100
ec:2.1.1.41,path:map01100
ec:2.1.1.41,path:ec01100
ec:2.1.1.45,path:map01100
ec:2.1.1.45,path:ec01100
ec:2.1.1.5,path:map01100
ec:2.1.1.5,path:ec01100
ec:2.1.1.53,path:map01100
ec:2.1.1.53,path:ec01100
ec:2.1.1.6,path:map01100
ec:2.1.1.6,path:ec01100
ec:2.1.1.64,path:map01100
ec:2.1.1.64,path:ec01100
ec:2.1.1.68,path:map01100
ec:2.1.1.68,path:ec01100
ec:2.1.1.71,path:map01100
ec:2.1.1.71,path:ec01100
ec:2.1.1.86,path:map01100
ec:2.1.1.86,path:ec01100
ec:2.1.1.95,path:map01100
ec:2.1.1.95,path:ec01100
ec:2.1.2.1,path:map01100
ec:2.1.2.1,path:ec01100
ec:2.1.2.10,path:map01100
ec:2.1.2.10,path:ec01100
ec:2.1.2.11,path:map01100
ec:2.1.2.11,path:ec01100
ec:2.1.2.2,path:map01100
ec:2.1.2.2,path:ec01100
ec:2.1.2.3,path:map01100
ec:2.1.2.3,path:ec01100
ec:2.1.2.4,path:map01100
ec:2.1.2.4,path:ec01100
ec:2.1.2.5,path:map01100
ec:2.1.2.5,path:ec01100
ec:2.1.2.7,path:map01100
ec:2.1.2.7,path:ec01100
ec:2.1.3.2,path:map01100
ec:2.1.3.2,path:ec01100
ec:2.1.3.3,path:map01100
ec:2.1.3.3,path:ec01100
ec:2.1.3.9,path:map01100
ec:2.1.3.9,path:ec01100
ec:2.1.4.1,path:map01100
ec:2.1.4.1,path:ec01100
ec:2.10.1.1,path:map01100
ec:2.10.1.1,path:ec01100
ec:2.2.1.1,path:map01100
ec:2.2.1.1,path:ec01100
ec:2.2.1.2,path:map01100
ec:2.2.1.2,path:ec01100
ec:2.2.1.6,path:map01100
ec:2.2.1.6,path:ec01100
ec:2.2.1.7,path:map01100
ec:2.2.1.7,path:ec01100
ec:2.2.1.9,path:map01100
ec:2.2.1.9,path:ec01100
ec:2.3.1.1,path:map01100
ec:2.3.1.1,path:ec01100
ec:2.3.1.101,path:map01100
ec:2.3.1.101,path:ec01100
ec:2.3.1.105,path:map01100
ec:2.3.1.105,path:ec01100
ec:2.3.1.109,path:map01100
ec:2.3.1.109,path:ec01100
ec:2.3.1.117,path:map01100
ec:2.3.1.117,path:ec01100
ec:2.3.1.12,path:map01100
ec:2.3.1.12,path:ec01100
ec:2.3.1.121,path:map01100
ec:2.3.1.121,path:ec01100
ec:2.3.1.129,path:map01100
ec:2.3.1.129,path:ec01100
ec:2.3.1.133,path:map01100
ec:2.3.1.133,path:ec01100
ec:2.3.1.15,path:map01100
ec:2.3.1.15,path:ec01100
ec:2.3.1.150,path:map01100
ec:2.3.1.150,path:ec01100
ec:2.3.1.157,path:map01100
ec:2.3.1.157,path:ec01100
ec:2.3.1.16,path:map01100
ec:2.3.1.16,path:ec01100
ec:2.3.1.164,path:map01100
ec:2.3.1.164,path:ec01100
ec:2.3.1.166,path:map01100
ec:2.3.1.166,path:ec01100
ec:2.3.1.167,path:map01100
ec:2.3.1.167,path:ec01100
ec:2.3.1.168,path:map01100
ec:2.3.1.168,path:ec01100
ec:2.3.1.17,path:map01100
ec:2.3.1.17,path:ec01100
ec:2.3.1.175,path:map01100
ec:2.3.1.175,path:ec01100
ec:2.3.1.176,path:map01100
ec:2.3.1.176,path:ec01100
ec:2.3.1.178,path:map01100
ec:2.3.1.178,path:ec01100
ec:2.3.1.179,path:map01100
ec:2.3.1.179,path:ec01100
ec:2.3.1.180,path:map01100
ec:2.3.1.180,path:ec01100
ec:2.3.1.181,path:map01100
ec:2.3.1.181,path:ec01100
ec:2.3.1.182,path:map01100
ec:2.3.1.182,path:ec01100
ec:2.3.1.184,path:map01100
ec:2.3.1.184,path:ec01100
ec:2.3.1.19,path:map01100
ec:2.3.1.19,path:ec01100
ec:2.3.1.191,path:map01100
ec:2.3.1.191,path:ec01100
ec:2.3.1.20,path:map01100
ec:2.3.1.20,path:ec01100
ec:2.3.1.24,path:map01100
ec:2.3.1.24,path:ec01100
ec:2.3.1.241,path:map01100
ec:2.3.1.241,path:ec01100
ec:2.3.1.243,path:map01100
ec:2.3.1.243,path:ec01100
ec:2.3.1.30,path:map01100
ec:2.3.1.30,path:ec01100
ec:2.3.1.31,path:map01100
ec:2.3.1.31,path:ec01100
ec:2.3.1.35,path:map01100
ec:2.3.1.35,path:ec01100
ec:2.3.1.37,path:map01100
ec:2.3.1.37,path:ec01100
ec:2.3.1.39,path:map01100
ec:2.3.1.39,path:ec01100
ec:2.3.1.41,path:map01100
ec:2.3.1.41,path:ec01100
ec:2.3.1.46,path:map01100
ec:2.3.1.46,path:ec01100
ec:2.3.1.47,path:map01100
ec:2.3.1.47,path:ec01100
ec:2.3.1.5,path:map01100
ec:2.3.1.5,path:ec01100
ec:2.3.1.50,path:map01100
ec:2.3.1.50,path:ec01100
ec:2.3.1.51,path:map01100
ec:2.3.1.51,path:ec01100
ec:2.3.1.54,path:map01100
ec:2.3.1.54,path:ec01100
ec:2.3.1.57,path:map01100
ec:2.3.1.57,path:ec01100
ec:2.3.1.61,path:map01100
ec:2.3.1.61,path:ec01100
ec:2.3.1.63,path:map01100
ec:2.3.1.63,path:ec01100
ec:2.3.1.65,path:map01100
ec:2.3.1.65,path:ec01100
ec:2.3.1.67,path:map01100
ec:2.3.1.67,path:ec01100
ec:2.3.1.74,path:map01100
ec:2.3.1.74,path:ec01100
ec:2.3.1.78,path:map01100
ec:2.3.1.78,path:ec01100
ec:2.3.1.8,path:map01100
ec:2.3.1.8,path:ec01100
ec:2.3.1.85,path:map01100
ec:2.3.1.85,path:ec01100
ec:2.3.1.86,path:map01100
ec:2.3.1.86,path:ec01100
ec:2.3.1.87,path:map01100
ec:2.3.1.87,path:ec01100
ec:2.3.1.89,path:map01100
ec:2.3.1.89,path:ec01100
ec:2.3.1.9,path:map01100
ec:2.3.1.9,path:ec01100
ec:2.3.2.16,path:map01100
ec:2.3.2.16,path:ec01100
ec:2.3.2.17,path:map01100
ec:2.3.2.17,path:ec01100
ec:2.3.2.18,path:map01100
ec:2.3.2.18,path:ec01100
ec:2.3.3.1,path:map01100
ec:2.3.3.1,path:ec01100
ec:2.3.3.10,path:map01100
ec:2.3.3.10,path:ec01100
ec:2.3.3.13,path:map01100
ec:2.3.3.13,path:ec01100
ec:2.3.3.14,path:map01100
ec:2.3.3.14,path:ec01100
ec:2.3.3.8,path:map01100
ec:2.3.3.8,path:ec01100
ec:2.3.3.9,path:map01100
ec:2.3.3.9,path:ec01100
ec:2.4.1.1,path:map01100
ec:2.4.1.1,path:ec01100
ec:2.4.1.10,path:map01100
ec:2.4.1.10,path:ec01100
ec:2.4.1.101,path:map01100
ec:2.4.1.101,path:ec01100
ec:2.4.1.102,path:map01100
ec:2.4.1.102,path:ec01100
ec:2.4.1.109,path:map01100
ec:2.4.1.109,path:ec01100
ec:2.4.1.11,path:map01100
ec:2.4.1.11,path:ec01100
ec:2.4.1.115,path:map01100
ec:2.4.1.115,path:ec01100
ec:2.4.1.117,path:map01100
ec:2.4.1.117,path:ec01100
ec:2.4.1.12,path:map01100
ec:2.4.1.12,path:ec01100
ec:2.4.1.122,path:map01100
ec:2.4.1.122,path:ec01100
ec:2.4.1.13,path:map01100
ec:2.4.1.13,path:ec01100
ec:2.4.1.131,path:map01100
ec:2.4.1.131,path:ec01100
ec:2.4.1.132,path:map01100
ec:2.4.1.132,path:ec01100
ec:2.4.1.133,path:map01100
ec:2.4.1.133,path:ec01100
ec:2.4.1.134,path:map01100
ec:2.4.1.134,path:ec01100
ec:2.4.1.135,path:map01100
ec:2.4.1.135,path:ec01100
ec:2.4.1.14,path:map01100
ec:2.4.1.14,path:ec01100
ec:2.4.1.141,path:map01100
ec:2.4.1.141,path:ec01100
ec:2.4.1.142,path:map01100
ec:2.4.1.142,path:ec01100
ec:2.4.1.143,path:map01100
ec:2.4.1.143,path:ec01100
ec:2.4.1.144,path:map01100
ec:2.4.1.144,path:ec01100
ec:2.4.1.145,path:map01100
ec:2.4.1.145,path:ec01100
ec:2.4.1.147,path:map01100
ec:2.4.1.147,path:ec01100
ec:2.4.1.148,path:map01100
ec:2.4.1.148,path:ec01100
ec:2.4.1.149,path:map01100
ec:2.4.1.149,path:ec01100
ec:2.4.1.15,path:map01100
ec:2.4.1.15,path:ec01100
ec:2.4.1.150,path:map01100
ec:2.4.1.150,path:ec01100
ec:2.4.1.152,path:map01100
ec:2.4.1.152,path:ec01100
ec:2.4.1.155,path:map01100
ec:2.4.1.155,path:ec01100
ec:2.4.1.159,path:map01100
ec:2.4.1.159,path:ec01100
ec:2.4.1.17,path:map01100
ec:2.4.1.17,path:ec01100
ec:2.4.1.174,path:map01100
ec:2.4.1.174,path:ec01100
ec:2.4.1.175,path:map01100
ec:2.4.1.175,path:ec01100
ec:2.4.1.18,path:map01100
ec:2.4.1.18,path:ec01100
ec:2.4.1.182,path:map01100
ec:2.4.1.182,path:ec01100
ec:2.4.1.198,path:map01100
ec:2.4.1.198,path:ec01100
ec:2.4.1.20,path:map01100
ec:2.4.1.20,path:ec01100
ec:2.4.1.201,path:map01100
ec:2.4.1.201,path:ec01100
ec:2.4.1.206,path:map01100
ec:2.4.1.206,path:ec01100
ec:2.4.1.21,path:map01100
ec:2.4.1.21,path:ec01100
ec:2.4.1.214,path:map01100
ec:2.4.1.214,path:ec01100
ec:2.4.1.22,path:map01100
ec:2.4.1.22,path:ec01100
ec:2.4.1.223,path:map01100
ec:2.4.1.223,path:ec01100
ec:2.4.1.224,path:map01100
ec:2.4.1.224,path:ec01100
ec:2.4.1.225,path:map01100
ec:2.4.1.225,path:ec01100
ec:2.4.1.226,path:map01100
ec:2.4.1.226,path:ec01100
ec:2.4.1.227,path:map01100
ec:2.4.1.227,path:ec01100
ec:2.4.1.228,path:map01100
ec:2.4.1.228,path:ec01100
ec:2.4.1.232,path:map01100
ec:2.4.1.232,path:ec01100
ec:2.4.1.241,path:map01100
ec:2.4.1.241,path:ec01100
ec:2.4.1.242,path:map01100
ec:2.4.1.242,path:ec01100
ec:2.4.1.244,path:map01100
ec:2.4.1.244,path:ec01100
ec:2.4.1.245,path:map01100
ec:2.4.1.245,path:ec01100
ec:2.4.1.25,path:map01100
ec:2.4.1.25,path:ec01100
ec:2.4.1.256,path:map01100
ec:2.4.1.256,path:ec01100
ec:2.4.1.257,path:map01100
ec:2.4.1.257,path:ec01100
ec:2.4.1.258,path:map01100
ec:2.4.1.258,path:ec01100
ec:2.4.1.259,path:map01100
ec:2.4.1.259,path:ec01100
ec:2.4.1.260,path:map01100
ec:2.4.1.260,path:ec01100
ec:2.4.1.261,path:map01100
ec:2.4.1.261,path:ec01100
ec:2.4.1.263,path:map01100
ec:2.4.1.263,path:ec01100
ec:2.4.1.265,path:map01100
ec:2.4.1.265,path:ec01100
ec:2.4.1.267,path:map01100
ec:2.4.1.267,path:ec01100
ec:2.4.1.274,path:map01100
ec:2.4.1.274,path:ec01100
ec:2.4.1.275,path:map01100
ec:2.4.1.275,path:ec01100
ec:2.4.1.29,path:map01100
ec:2.4.1.29,path:ec01100
ec:2.4.1.312,path:map01100
ec:2.4.1.312,path:ec01100
ec:2.4.1.313,path:map01100
ec:2.4.1.313,path:ec01100
ec:2.4.1.315,path:map01100
ec:2.4.1.315,path:ec01100
ec:2.4.1.336,path:map01100
ec:2.4.1.336,path:ec01100
ec:2.4.1.337,path:map01100
ec:2.4.1.337,path:ec01100
ec:2.4.1.342,path:map01100
ec:2.4.1.342,path:ec01100
ec:2.4.1.37,path:map01100
ec:2.4.1.37,path:ec01100
ec:2.4.1.38,path:map01100
ec:2.4.1.38,path:ec01100
ec:2.4.1.40,path:map01100
ec:2.4.1.40,path:ec01100
ec:2.4.1.41,path:map01100
ec:2.4.1.41,path:ec01100
ec:2.4.1.44,path:map01100
ec:2.4.1.44,path:ec01100
ec:2.4.1.46,path:map01100
ec:2.4.1.46,path:ec01100
ec:2.4.1.47,path:map01100
ec:2.4.1.47,path:ec01100
ec:2.4.1.56,path:map01100
ec:2.4.1.56,path:ec01100
ec:2.4.1.58,path:map01100
ec:2.4.1.58,path:ec01100
ec:2.4.1.62,path:map01100
ec:2.4.1.62,path:ec01100
ec:2.4.1.64,path:map01100
ec:2.4.1.64,path:ec01100
ec:2.4.1.65,path:map01100
ec:2.4.1.65,path:ec01100
ec:2.4.1.68,path:map01100
ec:2.4.1.68,path:ec01100
ec:2.4.1.69,path:map01100
ec:2.4.1.69,path:ec01100
ec:2.4.1.79,path:map01100
ec:2.4.1.79,path:ec01100
ec:2.4.1.8,path:map01100
ec:2.4.1.8,path:ec01100
ec:2.4.1.80,path:map01100
ec:2.4.1.80,path:ec01100
ec:2.4.1.83,path:map01100
ec:2.4.1.83,path:ec01100
ec:2.4.1.86,path:map01100
ec:2.4.1.86,path:ec01100
ec:2.4.1.88,path:map01100
ec:2.4.1.88,path:ec01100
ec:2.4.1.91,path:map01100
ec:2.4.1.91,path:ec01100
ec:2.4.1.92,path:map01100
ec:2.4.1.92,path:ec01100
ec:2.4.2.1,path:map01100
ec:2.4.2.1,path:ec01100
ec:2.4.2.10,path:map01100
ec:2.4.2.10,path:ec01100
ec:2.4.2.12,path:map01100
ec:2.4.2.12,path:ec01100
ec:2.4.2.14,path:map01100
ec:2.4.2.14,path:ec01100
ec:2.4.2.15,path:map01100
ec:2.4.2.15,path:ec01100
ec:2.4.2.17,path:map01100
ec:2.4.2.17,path:ec01100
ec:2.4.2.18,path:map01100
ec:2.4.2.18,path:ec01100
ec:2.4.2.19,path:map01100
ec:2.4.2.19,path:ec01100
ec:2.4.2.2,path:map01100
ec:2.4.2.2,path:ec01100
ec:2.4.2.21,path:map01100
ec:2.4.2.21,path:ec01100
ec:2.4.2.22,path:map01100
ec:2.4.2.22,path:ec01100
ec:2.4.2.24,path:map01100
ec:2.4.2.24,path:ec01100
ec:2.4.2.26,path:map01100
ec:2.4.2.26,path:ec01100
ec:2.4.2.28,path:map01100
ec:2.4.2.28,path:ec01100
ec:2.4.2.3,path:map01100
ec:2.4.2.3,path:ec01100
ec:2.4.2.38,path:map01100
ec:2.4.2.38,path:ec01100
ec:2.4.2.4,path:map01100
ec:2.4.2.4,path:ec01100
ec:2.4.2.44,path:map01100
ec:2.4.2.44,path:ec01100
ec:2.4.2.7,path:map01100
ec:2.4.2.7,path:ec01100
ec:2.4.2.8,path:map01100
ec:2.4.2.8,path:ec01100
ec:2.4.2.9,path:map01100
ec:2.4.2.9,path:ec01100
ec:2.4.99.1,path:map01100
ec:2.4.99.1,path:ec01100
ec:2.4.99.12,path:map01100
ec:2.4.99.12,path:ec01100
ec:2.4.99.13,path:map01100
ec:2.4.99.13,path:ec01100
ec:2.4.99.16,path:map01100
ec:2.4.99.16,path:ec01100
ec:2.4.99.18,path:map01100
ec:2.4.99.18,path:ec01100
ec:2.4.99.3,path:map01100
ec:2.4.99.3,path:ec01100
ec:2.4.99.4,path:map01100
ec:2.4.99.4,path:ec01100
ec:2.4.99.6,path:map01100
ec:2.4.99.6,path:ec01100
ec:2.4.99.7,path:map01100
ec:2.4.99.7,path:ec01100
ec:2.4.99.8,path:map01100
ec:2.4.99.8,path:ec01100
ec:2.4.99.9,path:map01100
ec:2.4.99.9,path:ec01100
ec:2.5.1.1,path:map01100
ec:2.5.1.1,path:ec01100
ec:2.5.1.10,path:map01100
ec:2.5.1.10,path:ec01100
ec:2.5.1.112,path:map01100
ec:2.5.1.112,path:ec01100
ec:2.5.1.115,path:map01100
ec:2.5.1.115,path:ec01100
ec:2.5.1.134,path:map01100
ec:2.5.1.134,path:ec01100
ec:2.5.1.141,path:map01100
ec:2.5.1.141,path:ec01100
ec:2.5.1.15,path:map01100
ec:2.5.1.15,path:ec01100
ec:2.5.1.16,path:map01100
ec:2.5.1.16,path:ec01100
ec:2.5.1.17,path:map01100
ec:2.5.1.17,path:ec01100
ec:2.5.1.19,path:map01100
ec:2.5.1.19,path:ec01100
ec:2.5.1.21,path:map01100
ec:2.5.1.21,path:ec01100
ec:2.5.1.22,path:map01100
ec:2.5.1.22,path:ec01100
ec:2.5.1.26,path:map01100
ec:2.5.1.26,path:ec01100
ec:2.5.1.29,path:map01100
ec:2.5.1.29,path:ec01100
ec:2.5.1.3,path:map01100
ec:2.5.1.3,path:ec01100
ec:2.5.1.32,path:map01100
ec:2.5.1.32,path:ec01100
ec:2.5.1.39,path:map01100
ec:2.5.1.39,path:ec01100
ec:2.5.1.47,path:map01100
ec:2.5.1.47,path:ec01100
ec:2.5.1.48,path:map01100
ec:2.5.1.48,path:ec01100
ec:2.5.1.49,path:map01100
ec:2.5.1.49,path:ec01100
ec:2.5.1.54,path:map01100
ec:2.5.1.54,path:ec01100
ec:2.5.1.55,path:map01100
ec:2.5.1.55,path:ec01100
ec:2.5.1.56,path:map01100
ec:2.5.1.56,path:ec01100
ec:2.5.1.57,path:map01100
ec:2.5.1.57,path:ec01100
ec:2.5.1.6,path:map01100
ec:2.5.1.6,path:ec01100
ec:2.5.1.61,path:map01100
ec:2.5.1.61,path:ec01100
ec:2.5.1.62,path:map01100
ec:2.5.1.62,path:ec01100
ec:2.5.1.65,path:map01100
ec:2.5.1.65,path:ec01100
ec:2.5.1.7,path:map01100
ec:2.5.1.7,path:ec01100
ec:2.5.1.74,path:map01100
ec:2.5.1.74,path:ec01100
ec:2.5.1.75,path:map01100
ec:2.5.1.75,path:ec01100
ec:2.5.1.78,path:map01100
ec:2.5.1.78,path:ec01100
ec:2.5.1.9,path:map01100
ec:2.5.1.9,path:ec01100
ec:2.5.1.99,path:map01100
ec:2.5.1.99,path:ec01100
ec:2.6.1.1,path:map01100
ec:2.6.1.1,path:ec01100
ec:2.6.1.105,path:map01100
ec:2.6.1.105,path:ec01100
ec:2.6.1.11,path:map01100
ec:2.6.1.11,path:ec01100
ec:2.6.1.113,path:map01100
ec:2.6.1.113,path:ec01100
ec:2.6.1.12,path:map01100
ec:2.6.1.12,path:ec01100
ec:2.6.1.13,path:map01100
ec:2.6.1.13,path:ec01100
ec:2.6.1.16,path:map01100
ec:2.6.1.16,path:ec01100
ec:2.6.1.17,path:map01100
ec:2.6.1.17,path:ec01100
ec:2.6.1.18,path:map01100
ec:2.6.1.18,path:ec01100
ec:2.6.1.19,path:map01100
ec:2.6.1.19,path:ec01100
ec:2.6.1.2,path:map01100
ec:2.6.1.2,path:ec01100
ec:2.6.1.21,path:map01100
ec:2.6.1.21,path:ec01100
ec:2.6.1.27,path:map01100
ec:2.6.1.27,path:ec01100
ec:2.6.1.29,path:map01100
ec:2.6.1.29,path:ec01100
ec:2.6.1.3,path:map01100
ec:2.6.1.3,path:ec01100
ec:2.6.1.36,path:map01100
ec:2.6.1.36,path:ec01100
ec:2.6.1.37,path:map01100
ec:2.6.1.37,path:ec01100
ec:2.6.1.39,path:map01100
ec:2.6.1.39,path:ec01100
ec:2.6.1.4,path:map01100
ec:2.6.1.4,path:ec01100
ec:2.6.1.42,path:map01100
ec:2.6.1.42,path:ec01100
ec:2.6.1.44,path:map01100
ec:2.6.1.44,path:ec01100
ec:2.6.1.45,path:map01100
ec:2.6.1.45,path:ec01100
ec:2.6.1.5,path:map01100
ec:2.6.1.5,path:ec01100
ec:2.6.1.51,path:map01100
ec:2.6.1.51,path:ec01100
ec:2.6.1.52,path:map01100
ec:2.6.1.52,path:ec01100
ec:2.6.1.55,path:map01100
ec:2.6.1.55,path:ec01100
ec:2.6.1.57,path:map01100
ec:2.6.1.57,path:ec01100
ec:2.6.1.58,path:map01100
ec:2.6.1.58,path:ec01100
ec:2.6.1.6,path:map01100
ec:2.6.1.6,path:ec01100
ec:2.6.1.62,path:map01100
ec:2.6.1.62,path:ec01100
ec:2.6.1.66,path:map01100
ec:2.6.1.66,path:ec01100
ec:2.6.1.7,path:map01100
ec:2.6.1.7,path:ec01100
ec:2.6.1.76,path:map01100
ec:2.6.1.76,path:ec01100
ec:2.6.1.77,path:map01100
ec:2.6.1.77,path:ec01100
ec:2.6.1.78,path:map01100
ec:2.6.1.78,path:ec01100
ec:2.6.1.79,path:map01100
ec:2.6.1.79,path:ec01100
ec:2.6.1.81,path:map01100
ec:2.6.1.81,path:ec01100
ec:2.6.1.82,path:map01100
ec:2.6.1.82,path:ec01100
ec:2.6.1.83,path:map01100
ec:2.6.1.83,path:ec01100
ec:2.6.1.84,path:map01100
ec:2.6.1.84,path:ec01100
ec:2.6.1.9,path:map01100
ec:2.6.1.9,path:ec01100
ec:2.6.1.96,path:map01100
ec:2.6.1.96,path:ec01100
ec:2.6.1.99,path:map01100
ec:2.6.1.99,path:ec01100
ec:2.6.99.2,path:map01100
ec:2.6.99.2,path:ec01100
ec:2.7.1.1,path:map01100
ec:2.7.1.1,path:ec01100
ec:2.7.1.100,path:map01100
ec:2.7.1.100,path:ec01100
ec:2.7.1.107,path:map01100
ec:2.7.1.107,path:ec01100
ec:2.7.1.108,path:map01100
ec:2.7.1.108,path:ec01100
ec:2.7.1.11,path:map01100
ec:2.7.1.11,path:ec01100
ec:2.7.1.113,path:map01100
ec:2.7.1.113,path:ec01100
ec:2.7.1.12,path:map01100
ec:2.7.1.12,path:ec01100
ec:2.7.1.127,path:map01100
ec:2.7.1.127,path:ec01100
ec:2.7.1.13,path:map01100
ec:2.7.1.13,path:ec01100
ec:2.7.1.130,path:map01100
ec:2.7.1.130,path:ec01100
ec:2.7.1.137,path:map01100
ec:2.7.1.137,path:ec01100
ec:2.7.1.140,path:map01100
ec:2.7.1.140,path:ec01100
ec:2.7.1.144,path:map01100
ec:2.7.1.144,path:ec01100
ec:2.7.1.146,path:map01100
ec:2.7.1.146,path:ec01100
ec:2.7.1.147,path:map01100
ec:2.7.1.147,path:ec01100
ec:2.7.1.148,path:map01100
ec:2.7.1.148,path:ec01100
ec:2.7.1.154,path:map01100
ec:2.7.1.154,path:ec01100
ec:2.7.1.156,path:map01100
ec:2.7.1.156,path:ec01100
ec:2.7.1.158,path:map01100
ec:2.7.1.158,path:ec01100
ec:2.7.1.159,path:map01100
ec:2.7.1.159,path:ec01100
ec:2.7.1.16,path:map01100
ec:2.7.1.16,path:ec01100
ec:2.7.1.161,path:map01100
ec:2.7.1.161,path:ec01100
ec:2.7.1.165,path:map01100
ec:2.7.1.165,path:ec01100
ec:2.7.1.167,path:map01100
ec:2.7.1.167,path:ec01100
ec:2.7.1.169,path:map01100
ec:2.7.1.169,path:ec01100
ec:2.7.1.17,path:map01100
ec:2.7.1.17,path:ec01100
ec:2.7.1.173,path:map01100
ec:2.7.1.173,path:ec01100
ec:2.7.1.174,path:map01100
ec:2.7.1.174,path:ec01100
ec:2.7.1.175,path:map01100
ec:2.7.1.175,path:ec01100
ec:2.7.1.178,path:map01100
ec:2.7.1.178,path:ec01100
ec:2.7.1.183,path:map01100
ec:2.7.1.183,path:ec01100
ec:2.7.1.19,path:map01100
ec:2.7.1.19,path:ec01100
ec:2.7.1.191,path:map01100
ec:2.7.1.191,path:ec01100
ec:2.7.1.194,path:map01100
ec:2.7.1.194,path:ec01100
ec:2.7.1.2,path:map01100
ec:2.7.1.2,path:ec01100
ec:2.7.1.20,path:map01100
ec:2.7.1.20,path:ec01100
ec:2.7.1.200,path:map01100
ec:2.7.1.200,path:ec01100
ec:2.7.1.202,path:map01100
ec:2.7.1.202,path:ec01100
ec:2.7.1.207,path:map01100
ec:2.7.1.207,path:ec01100
ec:2.7.1.21,path:map01100
ec:2.7.1.21,path:ec01100
ec:2.7.1.22,path:map01100
ec:2.7.1.22,path:ec01100
ec:2.7.1.221,path:map01100
ec:2.7.1.221,path:ec01100
ec:2.7.1.23,path:map01100
ec:2.7.1.23,path:ec01100
ec:2.7.1.24,path:map01100
ec:2.7.1.24,path:ec01100
ec:2.7.1.25,path:map01100
ec:2.7.1.25,path:ec01100
ec:2.7.1.26,path:map01100
ec:2.7.1.26,path:ec01100
ec:2.7.1.29,path:map01100
ec:2.7.1.29,path:ec01100
ec:2.7.1.3,path:map01100
ec:2.7.1.3,path:ec01100
ec:2.7.1.30,path:map01100
ec:2.7.1.30,path:ec01100
ec:2.7.1.31,path:map01100
ec:2.7.1.31,path:ec01100
ec:2.7.1.32,path:map01100
ec:2.7.1.32,path:ec01100
ec:2.7.1.33,path:map01100
ec:2.7.1.33,path:ec01100
ec:2.7.1.35,path:map01100
ec:2.7.1.35,path:ec01100
ec:2.7.1.36,path:map01100
ec:2.7.1.36,path:ec01100
ec:2.7.1.39,path:map01100
ec:2.7.1.39,path:ec01100
ec:2.7.1.4,path:map01100
ec:2.7.1.4,path:ec01100
ec:2.7.1.40,path:map01100
ec:2.7.1.40,path:ec01100
ec:2.7.1.42,path:map01100
ec:2.7.1.42,path:ec01100
ec:2.7.1.43,path:map01100
ec:2.7.1.43,path:ec01100
ec:2.7.1.45,path:map01100
ec:2.7.1.45,path:ec01100
ec:2.7.1.46,path:map01100
ec:2.7.1.46,path:ec01100
ec:2.7.1.47,path:map01100
ec:2.7.1.47,path:ec01100
ec:2.7.1.48,path:map01100
ec:2.7.1.48,path:ec01100
ec:2.7.1.49,path:map01100
ec:2.7.1.49,path:ec01100
ec:2.7.1.50,path:map01100
ec:2.7.1.50,path:ec01100
ec:2.7.1.52,path:map01100
ec:2.7.1.52,path:ec01100
ec:2.7.1.58,path:map01100
ec:2.7.1.58,path:ec01100
ec:2.7.1.59,path:map01100
ec:2.7.1.59,path:ec01100
ec:2.7.1.6,path:map01100
ec:2.7.1.6,path:ec01100
ec:2.7.1.60,path:map01100
ec:2.7.1.60,path:ec01100
ec:2.7.1.63,path:map01100
ec:2.7.1.63,path:ec01100
ec:2.7.1.64,path:map01100
ec:2.7.1.64,path:ec01100
ec:2.7.1.67,path:map01100
ec:2.7.1.67,path:ec01100
ec:2.7.1.68,path:map01100
ec:2.7.1.68,path:ec01100
ec:2.7.1.7,path:map01100
ec:2.7.1.7,path:ec01100
ec:2.7.1.71,path:map01100
ec:2.7.1.71,path:ec01100
ec:2.7.1.74,path:map01100
ec:2.7.1.74,path:ec01100
ec:2.7.1.76,path:map01100
ec:2.7.1.76,path:ec01100
ec:2.7.1.8,path:map01100
ec:2.7.1.8,path:ec01100
ec:2.7.1.81,path:map01100
ec:2.7.1.81,path:ec01100
ec:2.7.1.82,path:map01100
ec:2.7.1.82,path:ec01100
ec:2.7.1.89,path:map01100
ec:2.7.1.89,path:ec01100
ec:2.7.1.90,path:map01100
ec:2.7.1.90,path:ec01100
ec:2.7.1.91,path:map01100
ec:2.7.1.91,path:ec01100
ec:2.7.1.92,path:map01100
ec:2.7.1.92,path:ec01100
ec:2.7.1.94,path:map01100
ec:2.7.1.94,path:ec01100
ec:2.7.2.1,path:map01100
ec:2.7.2.1,path:ec01100
ec:2.7.2.11,path:map01100
ec:2.7.2.11,path:ec01100
ec:2.7.2.12,path:map01100
ec:2.7.2.12,path:ec01100
ec:2.7.2.15,path:map01100
ec:2.7.2.15,path:ec01100
ec:2.7.2.2,path:map01100
ec:2.7.2.2,path:ec01100
ec:2.7.2.3,path:map01100
ec:2.7.2.3,path:ec01100
ec:2.7.2.4,path:map01100
ec:2.7.2.4,path:ec01100
ec:2.7.2.7,path:map01100
ec:2.7.2.7,path:ec01100
ec:2.7.2.8,path:map01100
ec:2.7.2.8,path:ec01100
ec:2.7.3.2,path:map01100
ec:2.7.3.2,path:ec01100
ec:2.7.4.11,path:map01100
ec:2.7.4.11,path:ec01100
ec:2.7.4.14,path:map01100
ec:2.7.4.14,path:ec01100
ec:2.7.4.15,path:map01100
ec:2.7.4.15,path:ec01100
ec:2.7.4.16,path:map01100
ec:2.7.4.16,path:ec01100
ec:2.7.4.2,path:map01100
ec:2.7.4.2,path:ec01100
ec:2.7.4.22,path:map01100
ec:2.7.4.22,path:ec01100
ec:2.7.4.25,path:map01100
ec:2.7.4.25,path:ec01100
ec:2.7.4.3,path:map01100
ec:2.7.4.3,path:ec01100
ec:2.7.4.6,path:map01100
ec:2.7.4.6,path:ec01100
ec:2.7.4.7,path:map01100
ec:2.7.4.7,path:ec01100
ec:2.7.4.8,path:map01100
ec:2.7.4.8,path:ec01100
ec:2.7.4.9,path:map01100
ec:2.7.4.9,path:ec01100
ec:2.7.6.1,path:map01100
ec:2.7.6.1,path:ec01100
ec:2.7.6.2,path:map01100
ec:2.7.6.2,path:ec01100
ec:2.7.6.3,path:map01100
ec:2.7.6.3,path:ec01100
ec:2.7.7.1,path:map01100
ec:2.7.7.1,path:ec01100
ec:2.7.7.10,path:map01100
ec:2.7.7.10,path:ec01100
ec:2.7.7.12,path:map01100
ec:2.7.7.12,path:ec01100
ec:2.7.7.13,path:map01100
ec:2.7.7.13,path:ec01100
ec:2.7.7.14,path:map01100
ec:2.7.7.14,path:ec01100
ec:2.7.7.15,path:map01100
ec:2.7.7.15,path:ec01100
ec:2.7.7.18,path:map01100
ec:2.7.7.18,path:ec01100
ec:2.7.7.2,path:map01100
ec:2.7.7.2,path:ec01100
ec:2.7.7.22,path:map01100
ec:2.7.7.22,path:ec01100
ec:2.7.7.23,path:map01100
ec:2.7.7.23,path:ec01100
ec:2.7.7.27,path:map01100
ec:2.7.7.27,path:ec01100
ec:2.7.7.3,path:map01100
ec:2.7.7.3,path:ec01100
ec:2.7.7.30,path:map01100
ec:2.7.7.30,path:ec01100
ec:2.7.7.33,path:map01100
ec:2.7.7.33,path:ec01100
ec:2.7.7.34,path:map01100
ec:2.7.7.34,path:ec01100
ec:2.7.7.38,path:map01100
ec:2.7.7.38,path:ec01100
ec:2.7.7.4,path:map01100
ec:2.7.7.4,path:ec01100
ec:2.7.7.40,path:map01100
ec:2.7.7.40,path:ec01100
ec:2.7.7.41,path:map01100
ec:2.7.7.41,path:ec01100
ec:2.7.7.43,path:map01100
ec:2.7.7.43,path:ec01100
ec:2.7.7.44,path:map01100
ec:2.7.7.44,path:ec01100
ec:2.7.7.5,path:map01100
ec:2.7.7.5,path:ec01100
ec:2.7.7.6,path:map01100
ec:2.7.7.6,path:ec01100
ec:2.7.7.60,path:map01100
ec:2.7.7.60,path:ec01100
ec:2.7.7.62,path:map01100
ec:2.7.7.62,path:ec01100
ec:2.7.7.64,path:map01100
ec:2.7.7.64,path:ec01100
ec:2.7.7.69,path:map01100
ec:2.7.7.69,path:ec01100
ec:2.7.7.7,path:map01100
ec:2.7.7.7,path:ec01100
ec:2.7.7.70,path:map01100
ec:2.7.7.70,path:ec01100
ec:2.7.7.73,path:map01100
ec:2.7.7.73,path:ec01100
ec:2.7.7.75,path:map01100
ec:2.7.7.75,path:ec01100
ec:2.7.7.77,path:map01100
ec:2.7.7.77,path:ec01100
ec:2.7.7.9,path:map01100
ec:2.7.7.9,path:ec01100
ec:2.7.7.99,path:map01100
ec:2.7.7.99,path:ec01100
ec:2.7.8.1,path:map01100
ec:2.7.8.1,path:ec01100
ec:2.7.8.11,path:map01100
ec:2.7.8.11,path:ec01100
ec:2.7.8.13,path:map01100
ec:2.7.8.13,path:ec01100
ec:2.7.8.15,path:map01100
ec:2.7.8.15,path:ec01100
ec:2.7.8.2,path:map01100
ec:2.7.8.2,path:ec01100
ec:2.7.8.20,path:map01100
ec:2.7.8.20,path:ec01100
ec:2.7.8.22,path:map01100
ec:2.7.8.22,path:ec01100
ec:2.7.8.26,path:map01100
ec:2.7.8.26,path:ec01100
ec:2.7.8.27,path:map01100
ec:2.7.8.27,path:ec01100
ec:2.7.8.29,path:map01100
ec:2.7.8.29,path:ec01100
ec:2.7.8.3,path:map01100
ec:2.7.8.3,path:ec01100
ec:2.7.8.41,path:map01100
ec:2.7.8.41,path:ec01100
ec:2.7.8.5,path:map01100
ec:2.7.8.5,path:ec01100
ec:2.7.8.8,path:map01100
ec:2.7.8.8,path:ec01100
ec:2.7.9.1,path:map01100
ec:2.7.9.1,path:ec01100
ec:2.7.9.2,path:map01100
ec:2.7.9.2,path:ec01100
ec:2.7.9.3,path:map01100
ec:2.7.9.3,path:ec01100
ec:2.8.1.10,path:map01100
ec:2.8.1.10,path:ec01100
ec:2.8.1.12,path:map01100
ec:2.8.1.12,path:ec01100
ec:2.8.1.2,path:map01100
ec:2.8.1.2,path:ec01100
ec:2.8.1.4,path:map01100
ec:2.8.1.4,path:ec01100
ec:2.8.1.6,path:map01100
ec:2.8.1.6,path:ec01100
ec:2.8.1.7,path:map01100
ec:2.8.1.7,path:ec01100
ec:2.8.1.8,path:map01100
ec:2.8.1.8,path:ec01100
ec:2.8.2.11,path:map01100
ec:2.8.2.11,path:ec01100
ec:2.8.3.1,path:map01100
ec:2.8.3.1,path:ec01100
ec:2.8.3.11,path:map01100
ec:2.8.3.11,path:ec01100
ec:2.8.3.15,path:map01100
ec:2.8.3.15,path:ec01100
ec:2.8.3.18,path:map01100
ec:2.8.3.18,path:ec01100
ec:2.8.3.2,path:map01100
ec:2.8.3.2,path:ec01100
ec:2.8.3.6,path:map01100
ec:2.8.3.6,path:ec01100
ec:2.8.3.8,path:map01100
ec:2.8.3.8,path:ec01100
ec:2.8.4.1,path:map01100
ec:2.8.4.1,path:ec01100
ec:3.1.1.11,path:map01100
ec:3.1.1.11,path:ec01100
ec:3.1.1.14,path:map01100
ec:3.1.1.14,path:ec01100
ec:3.1.1.15,path:map01100
ec:3.1.1.15,path:ec01100
ec:3.1.1.17,path:map01100
ec:3.1.1.17,path:ec01100
ec:3.1.1.19,path:map01100
ec:3.1.1.19,path:ec01100
ec:3.1.1.2,path:map01100
ec:3.1.1.2,path:ec01100
ec:3.1.1.23,path:map01100
ec:3.1.1.23,path:ec01100
ec:3.1.1.24,path:map01100
ec:3.1.1.24,path:ec01100
ec:3.1.1.25,path:map01100
ec:3.1.1.25,path:ec01100
ec:3.1.1.3,path:map01100
ec:3.1.1.3,path:ec01100
ec:3.1.1.31,path:map01100
ec:3.1.1.31,path:ec01100
ec:3.1.1.32,path:map01100
ec:3.1.1.32,path:ec01100
ec:3.1.1.4,path:map01100
ec:3.1.1.4,path:ec01100
ec:3.1.1.45,path:map01100
ec:3.1.1.45,path:ec01100
ec:3.1.1.47,path:map01100
ec:3.1.1.47,path:ec01100
ec:3.1.1.84,path:map01100
ec:3.1.1.84,path:ec01100
ec:3.1.1.85,path:map01100
ec:3.1.1.85,path:ec01100
ec:3.1.2.10,path:map01100
ec:3.1.2.10,path:ec01100
ec:3.1.2.14,path:map01100
ec:3.1.2.14,path:ec01100
ec:3.1.2.21,path:map01100
ec:3.1.2.21,path:ec01100
ec:3.1.2.22,path:map01100
ec:3.1.2.22,path:ec01100
ec:3.1.2.23,path:map01100
ec:3.1.2.23,path:ec01100
ec:3.1.2.27,path:map01100
ec:3.1.2.27,path:ec01100
ec:3.1.2.28,path:map01100
ec:3.1.2.28,path:ec01100
ec:3.1.2.4,path:map01100
ec:3.1.2.4,path:ec01100
ec:3.1.3.1,path:map01100
ec:3.1.3.1,path:ec01100
ec:3.1.3.100,path:map01100
ec:3.1.3.100,path:ec01100
ec:3.1.3.102,path:map01100
ec:3.1.3.102,path:ec01100
ec:3.1.3.104,path:map01100
ec:3.1.3.104,path:ec01100
ec:3.1.3.11,path:map01100
ec:3.1.3.11,path:ec01100
ec:3.1.3.12,path:map01100
ec:3.1.3.12,path:ec01100
ec:3.1.3.15,path:map01100
ec:3.1.3.15,path:ec01100
ec:3.1.3.18,path:map01100
ec:3.1.3.18,path:ec01100
ec:3.1.3.2,path:map01100
ec:3.1.3.2,path:ec01100
ec:3.1.3.21,path:map01100
ec:3.1.3.21,path:ec01100
ec:3.1.3.24,path:map01100
ec:3.1.3.24,path:ec01100
ec:3.1.3.25,path:map01100
ec:3.1.3.25,path:ec01100
ec:3.1.3.27,path:map01100
ec:3.1.3.27,path:ec01100
ec:3.1.3.29,path:map01100
ec:3.1.3.29,path:ec01100
ec:3.1.3.3,path:map01100
ec:3.1.3.3,path:ec01100
ec:3.1.3.36,path:map01100
ec:3.1.3.36,path:ec01100
ec:3.1.3.37,path:map01100
ec:3.1.3.37,path:ec01100
ec:3.1.3.4,path:map01100
ec:3.1.3.4,path:ec01100
ec:3.1.3.45,path:map01100
ec:3.1.3.45,path:ec01100
ec:3.1.3.5,path:map01100
ec:3.1.3.5,path:ec01100
ec:3.1.3.51,path:map01100
ec:3.1.3.51,path:ec01100
ec:3.1.3.56,path:map01100
ec:3.1.3.56,path:ec01100
ec:3.1.3.57,path:map01100
ec:3.1.3.57,path:ec01100
ec:3.1.3.59,path:map01100
ec:3.1.3.59,path:ec01100
ec:3.1.3.64,path:map01100
ec:3.1.3.64,path:ec01100
ec:3.1.3.66,path:map01100
ec:3.1.3.66,path:ec01100
ec:3.1.3.7,path:map01100
ec:3.1.3.7,path:ec01100
ec:3.1.3.73,path:map01100
ec:3.1.3.73,path:ec01100
ec:3.1.3.74,path:map01100
ec:3.1.3.74,path:ec01100
ec:3.1.3.75,path:map01100
ec:3.1.3.75,path:ec01100
ec:3.1.3.77,path:map01100
ec:3.1.3.77,path:ec01100
ec:3.1.3.80,path:map01100
ec:3.1.3.80,path:ec01100
ec:3.1.3.82,path:map01100
ec:3.1.3.82,path:ec01100
ec:3.1.3.87,path:map01100
ec:3.1.3.87,path:ec01100
ec:3.1.3.89,path:map01100
ec:3.1.3.89,path:ec01100
ec:3.1.3.9,path:map01100
ec:3.1.3.9,path:ec01100
ec:3.1.3.93,path:map01100
ec:3.1.3.93,path:ec01100
ec:3.1.3.99,path:map01100
ec:3.1.3.99,path:ec01100
ec:3.1.4.11,path:map01100
ec:3.1.4.11,path:ec01100
ec:3.1.4.12,path:map01100
ec:3.1.4.12,path:ec01100
ec:3.1.4.3,path:map01100
ec:3.1.4.3,path:ec01100
ec:3.1.4.4,path:map01100
ec:3.1.4.4,path:ec01100
ec:3.1.4.48,path:map01100
ec:3.1.4.48,path:ec01100
ec:3.1.6.12,path:map01100
ec:3.1.6.12,path:ec01100
ec:3.1.6.13,path:map01100
ec:3.1.6.13,path:ec01100
ec:3.1.6.14,path:map01100
ec:3.1.6.14,path:ec01100
ec:3.1.6.18,path:map01100
ec:3.1.6.18,path:ec01100
ec:3.1.6.4,path:map01100
ec:3.1.6.4,path:ec01100
ec:3.1.7.11,path:map01100
ec:3.1.7.11,path:ec01100
ec:3.1.7.3,path:map01100
ec:3.1.7.3,path:ec01100
ec:3.10.1.1,path:map01100
ec:3.10.1.1,path:ec01100
ec:3.11.1.1,path:map01100
ec:3.11.1.1,path:ec01100
ec:3.2.1.1,path:map01100
ec:3.2.1.1,path:ec01100
ec:3.2.1.10,path:map01100
ec:3.2.1.10,path:ec01100
ec:3.2.1.103,path:map01100
ec:3.2.1.103,path:ec01100
ec:3.2.1.105,path:map01100
ec:3.2.1.105,path:ec01100
ec:3.2.1.106,path:map01100
ec:3.2.1.106,path:ec01100
ec:3.2.1.108,path:map01100
ec:3.2.1.108,path:ec01100
ec:3.2.1.113,path:map01100
ec:3.2.1.113,path:ec01100
ec:3.2.1.114,path:map01100
ec:3.2.1.114,path:ec01100
ec:3.2.1.132,path:map01100
ec:3.2.1.132,path:ec01100
ec:3.2.1.133,path:map01100
ec:3.2.1.133,path:ec01100
ec:3.2.1.14,path:map01100
ec:3.2.1.14,path:ec01100
ec:3.2.1.141,path:map01100
ec:3.2.1.141,path:ec01100
ec:3.2.1.15,path:map01100
ec:3.2.1.15,path:ec01100
ec:3.2.1.165,path:map01100
ec:3.2.1.165,path:ec01100
ec:3.2.1.166,path:map01100
ec:3.2.1.166,path:ec01100
ec:3.2.1.2,path:map01100
ec:3.2.1.2,path:ec01100
ec:3.2.1.20,path:map01100
ec:3.2.1.20,path:ec01100
ec:3.2.1.21,path:map01100
ec:3.2.1.21,path:ec01100
ec:3.2.1.23,path:map01100
ec:3.2.1.23,path:ec01100
ec:3.2.1.26,path:map01100
ec:3.2.1.26,path:ec01100
ec:3.2.1.28,path:map01100
ec:3.2.1.28,path:ec01100
ec:3.2.1.3,path:map01100
ec:3.2.1.3,path:ec01100
ec:3.2.1.31,path:map01100
ec:3.2.1.31,path:ec01100
ec:3.2.1.35,path:map01100
ec:3.2.1.35,path:ec01100
ec:3.2.1.37,path:map01100
ec:3.2.1.37,path:ec01100
ec:3.2.1.4,path:map01100
ec:3.2.1.4,path:ec01100
ec:3.2.1.45,path:map01100
ec:3.2.1.45,path:ec01100
ec:3.2.1.46,path:map01100
ec:3.2.1.46,path:ec01100
ec:3.2.1.48,path:map01100
ec:3.2.1.48,path:ec01100
ec:3.2.1.50,path:map01100
ec:3.2.1.50,path:ec01100
ec:3.2.1.52,path:map01100
ec:3.2.1.52,path:ec01100
ec:3.2.1.67,path:map01100
ec:3.2.1.67,path:ec01100
ec:3.2.1.68,path:map01100
ec:3.2.1.68,path:ec01100
ec:3.2.1.74,path:map01100
ec:3.2.1.74,path:ec01100
ec:3.2.1.76,path:map01100
ec:3.2.1.76,path:ec01100
ec:3.2.1.84,path:map01100
ec:3.2.1.84,path:ec01100
ec:3.2.1.85,path:map01100
ec:3.2.1.85,path:ec01100
ec:3.2.1.91,path:map01100
ec:3.2.1.91,path:ec01100
ec:3.2.2.1,path:map01100
ec:3.2.2.1,path:ec01100
ec:3.2.2.12,path:map01100
ec:3.2.2.12,path:ec01100
ec:3.2.2.16,path:map01100
ec:3.2.2.16,path:ec01100
ec:3.2.2.25,path:map01100
ec:3.2.2.25,path:ec01100
ec:3.2.2.5,path:map01100
ec:3.2.2.5,path:ec01100
ec:3.2.2.6,path:map01100
ec:3.2.2.6,path:ec01100
ec:3.2.2.8,path:map01100
ec:3.2.2.8,path:ec01100
ec:3.2.2.9,path:map01100
ec:3.2.2.9,path:ec01100
ec:3.3.1.1,path:map01100
ec:3.3.1.1,path:ec01100
ec:3.3.2.10,path:map01100
ec:3.3.2.10,path:ec01100
ec:3.3.2.6,path:map01100
ec:3.3.2.6,path:ec01100
ec:3.4.11.1,path:map01100
ec:3.4.11.1,path:ec01100
ec:3.4.11.2,path:map01100
ec:3.4.11.2,path:ec01100
ec:3.4.11.23,path:map01100
ec:3.4.11.23,path:ec01100
ec:3.4.13.18,path:map01100
ec:3.4.13.18,path:ec01100
ec:3.4.13.20,path:map01100
ec:3.4.13.20,path:ec01100
ec:3.4.17.21,path:map01100
ec:3.4.17.21,path:ec01100
ec:3.4.19.13,path:map01100
ec:3.4.19.13,path:ec01100
ec:3.4.19.14,path:map01100
ec:3.4.19.14,path:ec01100
ec:3.5.1.1,path:map01100
ec:3.5.1.1,path:ec01100
ec:3.5.1.102,path:map01100
ec:3.5.1.102,path:ec01100
ec:3.5.1.108,path:map01100
ec:3.5.1.108,path:ec01100
ec:3.5.1.110,path:map01100
ec:3.5.1.110,path:ec01100
ec:3.5.1.116,path:map01100
ec:3.5.1.116,path:ec01100
ec:3.5.1.12,path:map01100
ec:3.5.1.12,path:ec01100
ec:3.5.1.125,path:map01100
ec:3.5.1.125,path:ec01100
ec:3.5.1.14,path:map01100
ec:3.5.1.14,path:ec01100
ec:3.5.1.15,path:map01100
ec:3.5.1.15,path:ec01100
ec:3.5.1.16,path:map01100
ec:3.5.1.16,path:ec01100
ec:3.5.1.18,path:map01100
ec:3.5.1.18,path:ec01100
ec:3.5.1.19,path:map01100
ec:3.5.1.19,path:ec01100
ec:3.5.1.2,path:map01100
ec:3.5.1.2,path:ec01100
ec:3.5.1.22,path:map01100
ec:3.5.1.22,path:ec01100
ec:3.5.1.23,path:map01100
ec:3.5.1.23,path:ec01100
ec:3.5.1.24,path:map01100
ec:3.5.1.24,path:ec01100
ec:3.5.1.35,path:map01100
ec:3.5.1.35,path:ec01100
ec:3.5.1.38,path:map01100
ec:3.5.1.38,path:ec01100
ec:3.5.1.41,path:map01100
ec:3.5.1.41,path:ec01100
ec:3.5.1.47,path:map01100
ec:3.5.1.47,path:ec01100
ec:3.5.1.5,path:map01100
ec:3.5.1.5,path:ec01100
ec:3.5.1.53,path:map01100
ec:3.5.1.53,path:ec01100
ec:3.5.1.54,path:map01100
ec:3.5.1.54,path:ec01100
ec:3.5.1.59,path:map01100
ec:3.5.1.59,path:ec01100
ec:3.5.1.6,path:map01100
ec:3.5.1.6,path:ec01100
ec:3.5.1.62,path:map01100
ec:3.5.1.62,path:ec01100
ec:3.5.1.63,path:map01100
ec:3.5.1.63,path:ec01100
ec:3.5.1.78,path:map01100
ec:3.5.1.78,path:ec01100
ec:3.5.1.84,path:map01100
ec:3.5.1.84,path:ec01100
ec:3.5.1.89,path:map01100
ec:3.5.1.89,path:ec01100
ec:3.5.1.9,path:map01100
ec:3.5.1.9,path:ec01100
ec:3.5.1.90,path:map01100
ec:3.5.1.90,path:ec01100
ec:3.5.1.94,path:map01100
ec:3.5.1.94,path:ec01100
ec:3.5.1.96,path:map01100
ec:3.5.1.96,path:ec01100
ec:3.5.2.14,path:map01100
ec:3.5.2.14,path:ec01100
ec:3.5.2.15,path:map01100
ec:3.5.2.15,path:ec01100
ec:3.5.2.17,path:map01100
ec:3.5.2.17,path:ec01100
ec:3.5.2.2,path:map01100
ec:3.5.2.2,path:ec01100
ec:3.5.2.3,path:map01100
ec:3.5.2.3,path:ec01100
ec:3.5.2.5,path:map01100
ec:3.5.2.5,path:ec01100
ec:3.5.2.7,path:map01100
ec:3.5.2.7,path:ec01100
ec:3.5.3.1,path:map01100
ec:3.5.3.1,path:ec01100
ec:3.5.3.10,path:map01100
ec:3.5.3.10,path:ec01100
ec:3.5.3.11,path:map01100
ec:3.5.3.11,path:ec01100
ec:3.5.3.12,path:map01100
ec:3.5.3.12,path:ec01100
ec:3.5.3.23,path:map01100
ec:3.5.3.23,path:ec01100
ec:3.5.3.3,path:map01100
ec:3.5.3.3,path:ec01100
ec:3.5.3.4,path:map01100
ec:3.5.3.4,path:ec01100
ec:3.5.3.6,path:map01100
ec:3.5.3.6,path:ec01100
ec:3.5.3.7,path:map01100
ec:3.5.3.7,path:ec01100
ec:3.5.3.8,path:map01100
ec:3.5.3.8,path:ec01100
ec:3.5.4.1,path:map01100
ec:3.5.4.1,path:ec01100
ec:3.5.4.10,path:map01100
ec:3.5.4.10,path:ec01100
ec:3.5.4.12,path:map01100
ec:3.5.4.12,path:ec01100
ec:3.5.4.13,path:map01100
ec:3.5.4.13,path:ec01100
ec:3.5.4.16,path:map01100
ec:3.5.4.16,path:ec01100
ec:3.5.4.19,path:map01100
ec:3.5.4.19,path:ec01100
ec:3.5.4.2,path:map01100
ec:3.5.4.2,path:ec01100
ec:3.5.4.21,path:map01100
ec:3.5.4.21,path:ec01100
ec:3.5.4.25,path:map01100
ec:3.5.4.25,path:ec01100
ec:3.5.4.26,path:map01100
ec:3.5.4.26,path:ec01100
ec:3.5.4.27,path:map01100
ec:3.5.4.27,path:ec01100
ec:3.5.4.29,path:map01100
ec:3.5.4.29,path:ec01100
ec:3.5.4.3,path:map01100
ec:3.5.4.3,path:ec01100
ec:3.5.4.31,path:map01100
ec:3.5.4.31,path:ec01100
ec:3.5.4.4,path:map01100
ec:3.5.4.4,path:ec01100
ec:3.5.4.42,path:map01100
ec:3.5.4.42,path:ec01100
ec:3.5.4.43,path:map01100
ec:3.5.4.43,path:ec01100
ec:3.5.4.44,path:map01100
ec:3.5.4.44,path:ec01100
ec:3.5.4.5,path:map01100
ec:3.5.4.5,path:ec01100
ec:3.5.4.6,path:map01100
ec:3.5.4.6,path:ec01100
ec:3.5.4.9,path:map01100
ec:3.5.4.9,path:ec01100
ec:3.5.5.4,path:map01100
ec:3.5.5.4,path:ec01100
ec:3.5.99.2,path:map01100
ec:3.5.99.2,path:ec01100
ec:3.5.99.6,path:map01100
ec:3.5.99.6,path:ec01100
ec:3.6.1.12,path:map01100
ec:3.6.1.12,path:ec01100
ec:3.6.1.15,path:map01100
ec:3.6.1.15,path:ec01100
ec:3.6.1.18,path:map01100
ec:3.6.1.18,path:ec01100
ec:3.6.1.21,path:map01100
ec:3.6.1.21,path:ec01100
ec:3.6.1.22,path:map01100
ec:3.6.1.22,path:ec01100
ec:3.6.1.23,path:map01100
ec:3.6.1.23,path:ec01100
ec:3.6.1.28,path:map01100
ec:3.6.1.28,path:ec01100
ec:3.6.1.31,path:map01100
ec:3.6.1.31,path:ec01100
ec:3.6.1.54,path:map01100
ec:3.6.1.54,path:ec01100
ec:3.6.1.9,path:map01100
ec:3.6.1.9,path:ec01100
ec:3.6.2.1,path:map01100
ec:3.6.2.1,path:ec01100
ec:3.6.3.14,path:map01100
ec:3.6.3.14,path:ec01100
ec:3.7.1.12,path:map01100
ec:3.7.1.12,path:ec01100
ec:3.7.1.13,path:map01100
ec:3.7.1.13,path:ec01100
ec:3.7.1.2,path:map01100
ec:3.7.1.2,path:ec01100
ec:3.7.1.20,path:map01100
ec:3.7.1.20,path:ec01100
ec:3.7.1.21,path:map01100
ec:3.7.1.21,path:ec01100
ec:3.7.1.22,path:map01100
ec:3.7.1.22,path:ec01100
ec:3.7.1.3,path:map01100
ec:3.7.1.3,path:ec01100
ec:3.7.1.5,path:map01100
ec:3.7.1.5,path:ec01100
ec:3.7.1.8,path:map01100
ec:3.7.1.8,path:ec01100
ec:3.7.1.9,path:map01100
ec:3.7.1.9,path:ec01100
ec:3.8.1.2,path:map01100
ec:3.8.1.2,path:ec01100
ec:3.8.1.3,path:map01100
ec:3.8.1.3,path:ec01100
ec:3.8.1.5,path:map01100
ec:3.8.1.5,path:ec01100
ec:3.8.1.7,path:map01100
ec:3.8.1.7,path:ec01100
ec:3.8.1.8,path:map01100
ec:3.8.1.8,path:ec01100
ec:4.1.1.1,path:map01100
ec:4.1.1.1,path:ec01100
ec:4.1.1.11,path:map01100
ec:4.1.1.11,path:ec01100
ec:4.1.1.12,path:map01100
ec:4.1.1.12,path:ec01100
ec:4.1.1.15,path:map01100
ec:4.1.1.15,path:ec01100
ec:4.1.1.17,path:map01100
ec:4.1.1.17,path:ec01100
ec:4.1.1.18,path:map01100
ec:4.1.1.18,path:ec01100
ec:4.1.1.19,path:map01100
ec:4.1.1.19,path:ec01100
ec:4.1.1.2,path:map01100
ec:4.1.1.2,path:ec01100
ec:4.1.1.20,path:map01100
ec:4.1.1.20,path:ec01100
ec:4.1.1.21,path:map01100
ec:4.1.1.21,path:ec01100
ec:4.1.1.22,path:map01100
ec:4.1.1.22,path:ec01100
ec:4.1.1.23,path:map01100
ec:4.1.1.23,path:ec01100
ec:4.1.1.25,path:map01100
ec:4.1.1.25,path:ec01100
ec:4.1.1.28,path:map01100
ec:4.1.1.28,path:ec01100
ec:4.1.1.29,path:map01100
ec:4.1.1.29,path:ec01100
ec:4.1.1.3,path:map01100
ec:4.1.1.3,path:ec01100
ec:4.1.1.31,path:map01100
ec:4.1.1.31,path:ec01100
ec:4.1.1.32,path:map01100
ec:4.1.1.32,path:ec01100
ec:4.1.1.33,path:map01100
ec:4.1.1.33,path:ec01100
ec:4.1.1.34,path:map01100
ec:4.1.1.34,path:ec01100
ec:4.1.1.35,path:map01100
ec:4.1.1.35,path:ec01100
ec:4.1.1.36,path:map01100
ec:4.1.1.36,path:ec01100
ec:4.1.1.37,path:map01100
ec:4.1.1.37,path:ec01100
ec:4.1.1.38,path:map01100
ec:4.1.1.38,path:ec01100
ec:4.1.1.39,path:map01100
ec:4.1.1.39,path:ec01100
ec:4.1.1.4,path:map01100
ec:4.1.1.4,path:ec01100
ec:4.1.1.43,path:map01100
ec:4.1.1.43,path:ec01100
ec:4.1.1.44,path:map01100
ec:4.1.1.44,path:ec01100
ec:4.1.1.45,path:map01100
ec:4.1.1.45,path:ec01100
ec:4.1.1.47,path:map01100
ec:4.1.1.47,path:ec01100
ec:4.1.1.48,path:map01100
ec:4.1.1.48,path:ec01100
ec:4.1.1.49,path:map01100
ec:4.1.1.49,path:ec01100
ec:4.1.1.50,path:map01100
ec:4.1.1.50,path:ec01100
ec:4.1.1.55,path:map01100
ec:4.1.1.55,path:ec01100
ec:4.1.1.65,path:map01100
ec:4.1.1.65,path:ec01100
ec:4.1.1.67,path:map01100
ec:4.1.1.67,path:ec01100
ec:4.1.1.74,path:map01100
ec:4.1.1.74,path:ec01100
ec:4.1.1.75,path:map01100
ec:4.1.1.75,path:ec01100
ec:4.1.1.77,path:map01100
ec:4.1.1.77,path:ec01100
ec:4.1.1.8,path:map01100
ec:4.1.1.8,path:ec01100
ec:4.1.1.82,path:map01100
ec:4.1.1.82,path:ec01100
ec:4.1.1.85,path:map01100
ec:4.1.1.85,path:ec01100
ec:4.1.1.9,path:map01100
ec:4.1.1.9,path:ec01100
ec:4.1.1.96,path:map01100
ec:4.1.1.96,path:ec01100
ec:4.1.1.97,path:map01100
ec:4.1.1.97,path:ec01100
ec:4.1.1.98,path:map01100
ec:4.1.1.98,path:ec01100
ec:4.1.2.13,path:map01100
ec:4.1.2.13,path:ec01100
ec:4.1.2.14,path:map01100
ec:4.1.2.14,path:ec01100
ec:4.1.2.20,path:map01100
ec:4.1.2.20,path:ec01100
ec:4.1.2.21,path:map01100
ec:4.1.2.21,path:ec01100
ec:4.1.2.25,path:map01100
ec:4.1.2.25,path:ec01100
ec:4.1.2.27,path:map01100
ec:4.1.2.27,path:ec01100
ec:4.1.2.29,path:map01100
ec:4.1.2.29,path:ec01100
ec:4.1.2.40,path:map01100
ec:4.1.2.40,path:ec01100
ec:4.1.2.43,path:map01100
ec:4.1.2.43,path:ec01100
ec:4.1.2.45,path:map01100
ec:4.1.2.45,path:ec01100
ec:4.1.2.48,path:map01100
ec:4.1.2.48,path:ec01100
ec:4.1.2.49,path:map01100
ec:4.1.2.49,path:ec01100
ec:4.1.2.50,path:map01100
ec:4.1.2.50,path:ec01100
ec:4.1.2.51,path:map01100
ec:4.1.2.51,path:ec01100
ec:4.1.2.54,path:map01100
ec:4.1.2.54,path:ec01100
ec:4.1.2.55,path:map01100
ec:4.1.2.55,path:ec01100
ec:4.1.2.9,path:map01100
ec:4.1.2.9,path:ec01100
ec:4.1.3.1,path:map01100
ec:4.1.3.1,path:ec01100
ec:4.1.3.16,path:map01100
ec:4.1.3.16,path:ec01100
ec:4.1.3.25,path:map01100
ec:4.1.3.25,path:ec01100
ec:4.1.3.27,path:map01100
ec:4.1.3.27,path:ec01100
ec:4.1.3.34,path:map01100
ec:4.1.3.34,path:ec01100
ec:4.1.3.36,path:map01100
ec:4.1.3.36,path:ec01100
ec:4.1.3.39,path:map01100
ec:4.1.3.39,path:ec01100
ec:4.1.3.4,path:map01100
ec:4.1.3.4,path:ec01100
ec:4.1.3.40,path:map01100
ec:4.1.3.40,path:ec01100
ec:4.1.3.43,path:map01100
ec:4.1.3.43,path:ec01100
ec:4.1.99.11,path:map01100
ec:4.1.99.11,path:ec01100
ec:4.1.99.12,path:map01100
ec:4.1.99.12,path:ec01100
ec:4.1.99.17,path:map01100
ec:4.1.99.17,path:ec01100
ec:4.1.99.19,path:map01100
ec:4.1.99.19,path:ec01100
ec:4.1.99.22,path:map01100
ec:4.1.99.22,path:ec01100
ec:4.2.1.10,path:map01100
ec:4.2.1.10,path:ec01100
ec:4.2.1.100,path:map01100
ec:4.2.1.100,path:ec01100
ec:4.2.1.101,path:map01100
ec:4.2.1.101,path:ec01100
ec:4.2.1.107,path:map01100
ec:4.2.1.107,path:ec01100
ec:4.2.1.108,path:map01100
ec:4.2.1.108,path:ec01100
ec:4.2.1.109,path:map01100
ec:4.2.1.109,path:ec01100
ec:4.2.1.11,path:map01100
ec:4.2.1.11,path:ec01100
ec:4.2.1.113,path:map01100
ec:4.2.1.113,path:ec01100
ec:4.2.1.114,path:map01100
ec:4.2.1.114,path:ec01100
ec:4.2.1.12,path:map01100
ec:4.2.1.12,path:ec01100
ec:4.2.1.120,path:map01100
ec:4.2.1.120,path:ec01100
ec:4.2.1.126,path:map01100
ec:4.2.1.126,path:ec01100
ec:4.2.1.131,path:map01100
ec:4.2.1.131,path:ec01100
ec:4.2.1.132,path:map01100
ec:4.2.1.132,path:ec01100
ec:4.2.1.140,path:map01100
ec:4.2.1.140,path:ec01100
ec:4.2.1.146,path:map01100
ec:4.2.1.146,path:ec01100
ec:4.2.1.17,path:map01100
ec:4.2.1.17,path:ec01100
ec:4.2.1.18,path:map01100
ec:4.2.1.18,path:ec01100
ec:4.2.1.19,path:map01100
ec:4.2.1.19,path:ec01100
ec:4.2.1.2,path:map01100
ec:4.2.1.2,path:ec01100
ec:4.2.1.20,path:map01100
ec:4.2.1.20,path:ec01100
ec:4.2.1.22,path:map01100
ec:4.2.1.22,path:ec01100
ec:4.2.1.24,path:map01100
ec:4.2.1.24,path:ec01100
ec:4.2.1.25,path:map01100
ec:4.2.1.25,path:ec01100
ec:4.2.1.3,path:map01100
ec:4.2.1.3,path:ec01100
ec:4.2.1.33,path:map01100
ec:4.2.1.33,path:ec01100
ec:4.2.1.34,path:map01100
ec:4.2.1.34,path:ec01100
ec:4.2.1.35,path:map01100
ec:4.2.1.35,path:ec01100
ec:4.2.1.36,path:map01100
ec:4.2.1.36,path:ec01100
ec:4.2.1.39,path:map01100
ec:4.2.1.39,path:ec01100
ec:4.2.1.40,path:map01100
ec:4.2.1.40,path:ec01100
ec:4.2.1.41,path:map01100
ec:4.2.1.41,path:ec01100
ec:4.2.1.43,path:map01100
ec:4.2.1.43,path:ec01100
ec:4.2.1.44,path:map01100
ec:4.2.1.44,path:ec01100
ec:4.2.1.47,path:map01100
ec:4.2.1.47,path:ec01100
ec:4.2.1.49,path:map01100
ec:4.2.1.49,path:ec01100
ec:4.2.1.51,path:map01100
ec:4.2.1.51,path:ec01100
ec:4.2.1.54,path:map01100
ec:4.2.1.54,path:ec01100
ec:4.2.1.59,path:map01100
ec:4.2.1.59,path:ec01100
ec:4.2.1.6,path:map01100
ec:4.2.1.6,path:ec01100
ec:4.2.1.65,path:map01100
ec:4.2.1.65,path:ec01100
ec:4.2.1.7,path:map01100
ec:4.2.1.7,path:ec01100
ec:4.2.1.74,path:map01100
ec:4.2.1.74,path:ec01100
ec:4.2.1.75,path:map01100
ec:4.2.1.75,path:ec01100
ec:4.2.1.78,path:map01100
ec:4.2.1.78,path:ec01100
ec:4.2.1.8,path:map01100
ec:4.2.1.8,path:ec01100
ec:4.2.1.80,path:map01100
ec:4.2.1.80,path:ec01100
ec:4.2.1.9,path:map01100
ec:4.2.1.9,path:ec01100
ec:4.2.1.91,path:map01100
ec:4.2.1.91,path:ec01100
ec:4.2.1.92,path:map01100
ec:4.2.1.92,path:ec01100
ec:4.2.3.1,path:map01100
ec:4.2.3.1,path:ec01100
ec:4.2.3.108,path:map01100
ec:4.2.3.108,path:ec01100
ec:4.2.3.11,path:map01100
ec:4.2.3.11,path:ec01100
ec:4.2.3.111,path:map01100
ec:4.2.3.111,path:ec01100
ec:4.2.3.116,path:map01100
ec:4.2.3.116,path:ec01100
ec:4.2.3.117,path:map01100
ec:4.2.3.117,path:ec01100
ec:4.2.3.119,path:map01100
ec:4.2.3.119,path:ec01100
ec:4.2.3.12,path:map01100
ec:4.2.3.12,path:ec01100
ec:4.2.3.13,path:map01100
ec:4.2.3.13,path:ec01100
ec:4.2.3.134,path:map01100
ec:4.2.3.134,path:ec01100
ec:4.2.3.16,path:map01100
ec:4.2.3.16,path:ec01100
ec:4.2.3.17,path:map01100
ec:4.2.3.17,path:ec01100
ec:4.2.3.18,path:map01100
ec:4.2.3.18,path:ec01100
ec:4.2.3.19,path:map01100
ec:4.2.3.19,path:ec01100
ec:4.2.3.2,path:map01100
ec:4.2.3.2,path:ec01100
ec:4.2.3.20,path:map01100
ec:4.2.3.20,path:ec01100
ec:4.2.3.22,path:map01100
ec:4.2.3.22,path:ec01100
ec:4.2.3.38,path:map01100
ec:4.2.3.38,path:ec01100
ec:4.2.3.4,path:map01100
ec:4.2.3.4,path:ec01100
ec:4.2.3.5,path:map01100
ec:4.2.3.5,path:ec01100
ec:4.2.3.8,path:map01100
ec:4.2.3.8,path:ec01100
ec:4.2.3.9,path:map01100
ec:4.2.3.9,path:ec01100
ec:4.2.99.20,path:map01100
ec:4.2.99.20,path:ec01100
ec:4.3.1.1,path:map01100
ec:4.3.1.1,path:ec01100
ec:4.3.1.17,path:map01100
ec:4.3.1.17,path:ec01100
ec:4.3.1.19,path:map01100
ec:4.3.1.19,path:ec01100
ec:4.3.1.2,path:map01100
ec:4.3.1.2,path:ec01100
ec:4.3.1.24,path:map01100
ec:4.3.1.24,path:ec01100
ec:4.3.1.25,path:map01100
ec:4.3.1.25,path:ec01100
ec:4.3.1.3,path:map01100
ec:4.3.1.3,path:ec01100
ec:4.3.1.4,path:map01100
ec:4.3.1.4,path:ec01100
ec:4.3.1.7,path:map01100
ec:4.3.1.7,path:ec01100
ec:4.3.2.1,path:map01100
ec:4.3.2.1,path:ec01100
ec:4.3.2.2,path:map01100
ec:4.3.2.2,path:ec01100
ec:4.3.2.3,path:map01100
ec:4.3.2.3,path:ec01100
ec:4.3.3.2,path:map01100
ec:4.3.3.2,path:ec01100
ec:4.3.3.3,path:map01100
ec:4.3.3.3,path:ec01100
ec:4.3.3.7,path:map01100
ec:4.3.3.7,path:ec01100
ec:4.3.99.3,path:map01100
ec:4.3.99.3,path:ec01100
ec:4.4.1.1,path:map01100
ec:4.4.1.1,path:ec01100
ec:4.4.1.10,path:map01100
ec:4.4.1.10,path:ec01100
ec:4.4.1.14,path:map01100
ec:4.4.1.14,path:ec01100
ec:4.4.1.16,path:map01100
ec:4.4.1.16,path:ec01100
ec:4.4.1.20,path:map01100
ec:4.4.1.20,path:ec01100
ec:4.4.1.21,path:map01100
ec:4.4.1.21,path:ec01100
ec:4.4.1.8,path:map01100
ec:4.4.1.8,path:ec01100
ec:4.4.1.9,path:map01100
ec:4.4.1.9,path:ec01100
ec:4.5.1.1,path:map01100
ec:4.5.1.1,path:ec01100
ec:4.6.1.12,path:map01100
ec:4.6.1.12,path:ec01100
ec:4.6.1.17,path:map01100
ec:4.6.1.17,path:ec01100
ec:4.99.1.1,path:map01100
ec:4.99.1.1,path:ec01100
ec:4.99.1.3,path:map01100
ec:4.99.1.3,path:ec01100
ec:4.99.1.4,path:map01100
ec:4.99.1.4,path:ec01100
ec:4.99.1.9,path:map01100
ec:4.99.1.9,path:ec01100
ec:5.1.1.1,path:map01100
ec:5.1.1.1,path:ec01100
ec:5.1.1.10,path:map01100
ec:5.1.1.10,path:ec01100
ec:5.1.1.17,path:map01100
ec:5.1.1.17,path:ec01100
ec:5.1.1.18,path:map01100
ec:5.1.1.18,path:ec01100
ec:5.1.1.3,path:map01100
ec:5.1.1.3,path:ec01100
ec:5.1.1.4,path:map01100
ec:5.1.1.4,path:ec01100
ec:5.1.1.7,path:map01100
ec:5.1.1.7,path:ec01100
ec:5.1.1.9,path:map01100
ec:5.1.1.9,path:ec01100
ec:5.1.2.7,path:map01100
ec:5.1.2.7,path:ec01100
ec:5.1.3.1,path:map01100
ec:5.1.3.1,path:ec01100
ec:5.1.3.12,path:map01100
ec:5.1.3.12,path:ec01100
ec:5.1.3.14,path:map01100
ec:5.1.3.14,path:ec01100
ec:5.1.3.15,path:map01100
ec:5.1.3.15,path:ec01100
ec:5.1.3.17,path:map01100
ec:5.1.3.17,path:ec01100
ec:5.1.3.18,path:map01100
ec:5.1.3.18,path:ec01100
ec:5.1.3.19,path:map01100
ec:5.1.3.19,path:ec01100
ec:5.1.3.2,path:map01100
ec:5.1.3.2,path:ec01100
ec:5.1.3.20,path:map01100
ec:5.1.3.20,path:ec01100
ec:5.1.3.22,path:map01100
ec:5.1.3.22,path:ec01100
ec:5.1.3.3,path:map01100
ec:5.1.3.3,path:ec01100
ec:5.1.3.4,path:map01100
ec:5.1.3.4,path:ec01100
ec:5.1.3.5,path:map01100
ec:5.1.3.5,path:ec01100
ec:5.1.3.6,path:map01100
ec:5.1.3.6,path:ec01100
ec:5.1.3.7,path:map01100
ec:5.1.3.7,path:ec01100
ec:5.1.99.1,path:map01100
ec:5.1.99.1,path:ec01100
ec:5.1.99.4,path:map01100
ec:5.1.99.4,path:ec01100
ec:5.2.1.10,path:map01100
ec:5.2.1.10,path:ec01100
ec:5.2.1.12,path:map01100
ec:5.2.1.12,path:ec01100
ec:5.2.1.13,path:map01100
ec:5.2.1.13,path:ec01100
ec:5.2.1.2,path:map01100
ec:5.2.1.2,path:ec01100
ec:5.2.1.4,path:map01100
ec:5.2.1.4,path:ec01100
ec:5.3.1.1,path:map01100
ec:5.3.1.1,path:ec01100
ec:5.3.1.12,path:map01100
ec:5.3.1.12,path:ec01100
ec:5.3.1.13,path:map01100
ec:5.3.1.13,path:ec01100
ec:5.3.1.16,path:map01100
ec:5.3.1.16,path:ec01100
ec:5.3.1.22,path:map01100
ec:5.3.1.22,path:ec01100
ec:5.3.1.23,path:map01100
ec:5.3.1.23,path:ec01100
ec:5.3.1.24,path:map01100
ec:5.3.1.24,path:ec01100
ec:5.3.1.26,path:map01100
ec:5.3.1.26,path:ec01100
ec:5.3.1.27,path:map01100
ec:5.3.1.27,path:ec01100
ec:5.3.1.28,path:map01100
ec:5.3.1.28,path:ec01100
ec:5.3.1.30,path:map01100
ec:5.3.1.30,path:ec01100
ec:5.3.1.4,path:map01100
ec:5.3.1.4,path:ec01100
ec:5.3.1.5,path:map01100
ec:5.3.1.5,path:ec01100
ec:5.3.1.6,path:map01100
ec:5.3.1.6,path:ec01100
ec:5.3.1.7,path:map01100
ec:5.3.1.7,path:ec01100
ec:5.3.1.8,path:map01100
ec:5.3.1.8,path:ec01100
ec:5.3.1.9,path:map01100
ec:5.3.1.9,path:ec01100
ec:5.3.2.5,path:map01100
ec:5.3.2.5,path:ec01100
ec:5.3.2.6,path:map01100
ec:5.3.2.6,path:ec01100
ec:5.3.3.1,path:map01100
ec:5.3.3.1,path:ec01100
ec:5.3.3.12,path:map01100
ec:5.3.3.12,path:ec01100
ec:5.3.3.2,path:map01100
ec:5.3.3.2,path:ec01100
ec:5.3.3.4,path:map01100
ec:5.3.3.4,path:ec01100
ec:5.3.3.5,path:map01100
ec:5.3.3.5,path:ec01100
ec:5.3.99.10,path:map01100
ec:5.3.99.10,path:ec01100
ec:5.3.99.2,path:map01100
ec:5.3.99.2,path:ec01100
ec:5.3.99.3,path:map01100
ec:5.3.99.3,path:ec01100
ec:5.3.99.4,path:map01100
ec:5.3.99.4,path:ec01100
ec:5.3.99.5,path:map01100
ec:5.3.99.5,path:ec01100
ec:5.3.99.6,path:map01100
ec:5.3.99.6,path:ec01100
ec:5.3.99.7,path:map01100
ec:5.3.99.7,path:ec01100
ec:5.3.99.9,path:map01100
ec:5.3.99.9,path:ec01100
ec:5.4.2.10,path:map01100
ec:5.4.2.10,path:ec01100
ec:5.4.2.11,path:map01100
ec:5.4.2.11,path:ec01100
ec:5.4.2.12,path:map01100
ec:5.4.2.12,path:ec01100
ec:5.4.2.2,path:map01100
ec:5.4.2.2,path:ec01100
ec:5.4.2.3,path:map01100
ec:5.4.2.3,path:ec01100
ec:5.4.2.4,path:map01100
ec:5.4.2.4,path:ec01100
ec:5.4.2.8,path:map01100
ec:5.4.2.8,path:ec01100
ec:5.4.2.9,path:map01100
ec:5.4.2.9,path:ec01100
ec:5.4.3.8,path:map01100
ec:5.4.3.8,path:ec01100
ec:5.4.4.2,path:map01100
ec:5.4.4.2,path:ec01100
ec:5.4.99.1,path:map01100
ec:5.4.99.1,path:ec01100
ec:5.4.99.15,path:map01100
ec:5.4.99.15,path:ec01100
ec:5.4.99.16,path:map01100
ec:5.4.99.16,path:ec01100
ec:5.4.99.18,path:map01100
ec:5.4.99.18,path:ec01100
ec:5.4.99.2,path:map01100
ec:5.4.99.2,path:ec01100
ec:5.4.99.5,path:map01100
ec:5.4.99.5,path:ec01100
ec:5.4.99.60,path:map01100
ec:5.4.99.60,path:ec01100
ec:5.4.99.61,path:map01100
ec:5.4.99.61,path:ec01100
ec:5.4.99.7,path:map01100
ec:5.4.99.7,path:ec01100
ec:5.4.99.8,path:map01100
ec:5.4.99.8,path:ec01100
ec:5.5.1.1,path:map01100
ec:5.5.1.1,path:ec01100
ec:5.5.1.12,path:map01100
ec:5.5.1.12,path:ec01100
ec:5.5.1.13,path:map01100
ec:5.5.1.13,path:ec01100
ec:5.5.1.18,path:map01100
ec:5.5.1.18,path:ec01100
ec:5.5.1.19,path:map01100
ec:5.5.1.19,path:ec01100
ec:5.5.1.2,path:map01100
ec:5.5.1.2,path:ec01100
ec:5.5.1.24,path:map01100
ec:5.5.1.24,path:ec01100
ec:5.5.1.4,path:map01100
ec:5.5.1.4,path:ec01100
ec:5.5.1.6,path:map01100
ec:5.5.1.6,path:ec01100
ec:5.5.1.7,path:map01100
ec:5.5.1.7,path:ec01100
ec:5.5.1.8,path:map01100
ec:5.5.1.8,path:ec01100
ec:5.5.1.9,path:map01100
ec:5.5.1.9,path:ec01100
ec:5.99.1.4,path:map01100
ec:5.99.1.4,path:ec01100
ec:6.1.1.17,path:map01100
ec:6.1.1.17,path:ec01100
ec:6.1.1.18,path:map01100
ec:6.1.1.18,path:ec01100
ec:6.1.1.24,path:map01100
ec:6.1.1.24,path:ec01100
ec:6.2.1.1,path:map01100
ec:6.2.1.1,path:ec01100
ec:6.2.1.11,path:map01100
ec:6.2.1.11,path:ec01100
ec:6.2.1.12,path:map01100
ec:6.2.1.12,path:ec01100
ec:6.2.1.13,path:map01100
ec:6.2.1.13,path:ec01100
ec:6.2.1.14,path:map01100
ec:6.2.1.14,path:ec01100
ec:6.2.1.17,path:map01100
ec:6.2.1.17,path:ec01100
ec:6.2.1.18,path:map01100
ec:6.2.1.18,path:ec01100
ec:6.2.1.2,path:map01100
ec:6.2.1.2,path:ec01100
ec:6.2.1.25,path:map01100
ec:6.2.1.25,path:ec01100
ec:6.2.1.26,path:map01100
ec:6.2.1.26,path:ec01100
ec:6.2.1.27,path:map01100
ec:6.2.1.27,path:ec01100
ec:6.2.1.3,path:map01100
ec:6.2.1.3,path:ec01100
ec:6.2.1.33,path:map01100
ec:6.2.1.33,path:ec01100
ec:6.2.1.4,path:map01100
ec:6.2.1.4,path:ec01100
ec:6.2.1.41,path:map01100
ec:6.2.1.41,path:ec01100
ec:6.2.1.5,path:map01100
ec:6.2.1.5,path:ec01100
ec:6.2.1.7,path:map01100
ec:6.2.1.7,path:ec01100
ec:6.2.1.8,path:map01100
ec:6.2.1.8,path:ec01100
ec:6.3.1.1,path:map01100
ec:6.3.1.1,path:ec01100
ec:6.3.1.10,path:map01100
ec:6.3.1.10,path:ec01100
ec:6.3.1.11,path:map01100
ec:6.3.1.11,path:ec01100
ec:6.3.1.17,path:map01100
ec:6.3.1.17,path:ec01100
ec:6.3.1.2,path:map01100
ec:6.3.1.2,path:ec01100
ec:6.3.1.20,path:map01100
ec:6.3.1.20,path:ec01100
ec:6.3.1.5,path:map01100
ec:6.3.1.5,path:ec01100
ec:6.3.1.8,path:map01100
ec:6.3.1.8,path:ec01100
ec:6.3.1.9,path:map01100
ec:6.3.1.9,path:ec01100
ec:6.3.2.1,path:map01100
ec:6.3.2.1,path:ec01100
ec:6.3.2.10,path:map01100
ec:6.3.2.10,path:ec01100
ec:6.3.2.12,path:map01100
ec:6.3.2.12,path:ec01100
ec:6.3.2.17,path:map01100
ec:6.3.2.17,path:ec01100
ec:6.3.2.2,path:map01100
ec:6.3.2.2,path:ec01100
ec:6.3.2.26,path:map01100
ec:6.3.2.26,path:ec01100
ec:6.3.2.3,path:map01100
ec:6.3.2.3,path:ec01100
ec:6.3.2.36,path:map01100
ec:6.3.2.36,path:ec01100
ec:6.3.2.4,path:map01100
ec:6.3.2.4,path:ec01100
ec:6.3.2.41,path:map01100
ec:6.3.2.41,path:ec01100
ec:6.3.2.42,path:map01100
ec:6.3.2.42,path:ec01100
ec:6.3.2.43,path:map01100
ec:6.3.2.43,path:ec01100
ec:6.3.2.5,path:map01100
ec:6.3.2.5,path:ec01100
ec:6.3.2.6,path:map01100
ec:6.3.2.6,path:ec01100
ec:6.3.2.7,path:map01100
ec:6.3.2.7,path:ec01100
ec:6.3.2.8,path:map01100
ec:6.3.2.8,path:ec01100
ec:6.3.2.9,path:map01100
ec:6.3.2.9,path:ec01100
ec:6.3.3.1,path:map01100
ec:6.3.3.1,path:ec01100
ec:6.3.3.2,path:map01100
ec:6.3.3.2,path:ec01100
ec:6.3.3.3,path:map01100
ec:6.3.3.3,path:ec01100
ec:6.3.4.10,path:map01100
ec:6.3.4.10,path:ec01100
ec:6.3.4.11,path:map01100
ec:6.3.4.11,path:ec01100
ec:6.3.4.13,path:map01100
ec:6.3.4.13,path:ec01100
ec:6.3.4.15,path:map01100
ec:6.3.4.15,path:ec01100
ec:6.3.4.16,path:map01100
ec:6.3.4.16,path:ec01100
ec:6.3.4.18,path:map01100
ec:6.3.4.18,path:ec01100
ec:6.3.4.2,path:map01100
ec:6.3.4.2,path:ec01100
ec:6.3.4.20,path:map01100
ec:6.3.4.20,path:ec01100
ec:6.3.4.21,path:map01100
ec:6.3.4.21,path:ec01100
ec:6.3.4.23,path:map01100
ec:6.3.4.23,path:ec01100
ec:6.3.4.3,path:map01100
ec:6.3.4.3,path:ec01100
ec:6.3.4.4,path:map01100
ec:6.3.4.4,path:ec01100
ec:6.3.4.5,path:map01100
ec:6.3.4.5,path:ec01100
ec:6.3.4.6,path:map01100
ec:6.3.4.6,path:ec01100
ec:6.3.4.9,path:map01100
ec:6.3.4.9,path:ec01100
ec:6.3.5.1,path:map01100
ec:6.3.5.1,path:ec01100
ec:6.3.5.10,path:map01100
ec:6.3.5.10,path:ec01100
ec:6.3.5.2,path:map01100
ec:6.3.5.2,path:ec01100
ec:6.3.5.3,path:map01100
ec:6.3.5.3,path:ec01100
ec:6.3.5.4,path:map01100
ec:6.3.5.4,path:ec01100
ec:6.3.5.5,path:map01100
ec:6.3.5.5,path:ec01100
ec:6.3.5.7,path:map01100
ec:6.3.5.7,path:ec01100
ec:6.3.5.9,path:map01100
ec:6.3.5.9,path:ec01100
ec:6.4.1.1,path:map01100
ec:6.4.1.1,path:ec01100
ec:6.4.1.2,path:map01100
ec:6.4.1.2,path:ec01100
ec:6.4.1.3,path:map01100
ec:6.4.1.3,path:ec01100
ec:6.4.1.4,path:map01100
ec:6.4.1.4,path:ec01100
ec:6.6.1.1,path:map01100
ec:6.6.1.1,path:ec01100
ec:6.6.1.2,path:map01100
ec:6.6.1.2,path:ec01100
ec:1.1.1.1,path:map01110
ec:1.1.1.1,path:ec01110
ec:1.1.1.122,path:map01110
ec:1.1.1.122,path:ec01110
ec:1.1.1.169,path:map01110
ec:1.1.1.169,path:ec01110
ec:1.1.1.178,path:map01110
ec:1.1.1.178,path:ec01110
ec:1.1.1.193,path:map01110
ec:1.1.1.193,path:ec01110
ec:1.1.1.195,path:map01110
ec:1.1.1.195,path:ec01110
ec:1.1.1.198,path:map01110
ec:1.1.1.198,path:ec01110
ec:1.1.1.2,path:map01110
ec:1.1.1.2,path:ec01110
ec:1.1.1.205,path:map01110
ec:1.1.1.205,path:ec01110
ec:1.1.1.206,path:map01110
ec:1.1.1.206,path:ec01110
ec:1.1.1.207,path:map01110
ec:1.1.1.207,path:ec01110
ec:1.1.1.208,path:map01110
ec:1.1.1.208,path:ec01110
ec:1.1.1.218,path:map01110
ec:1.1.1.218,path:ec01110
ec:1.1.1.219,path:map01110
ec:1.1.1.219,path:ec01110
ec:1.1.1.223,path:map01110
ec:1.1.1.223,path:ec01110
ec:1.1.1.23,path:map01110
ec:1.1.1.23,path:ec01110
ec:1.1.1.237,path:map01110
ec:1.1.1.237,path:ec01110
ec:1.1.1.241,path:map01110
ec:1.1.1.241,path:ec01110
ec:1.1.1.243,path:map01110
ec:1.1.1.243,path:ec01110
ec:1.1.1.247,path:map01110
ec:1.1.1.247,path:ec01110
ec:1.1.1.248,path:map01110
ec:1.1.1.248,path:ec01110
ec:1.1.1.25,path:map01110
ec:1.1.1.25,path:ec01110
ec:1.1.1.26,path:map01110
ec:1.1.1.26,path:ec01110
ec:1.1.1.267,path:map01110
ec:1.1.1.267,path:ec01110
ec:1.1.1.27,path:map01110
ec:1.1.1.27,path:ec01110
ec:1.1.1.273,path:map01110
ec:1.1.1.273,path:ec01110
ec:1.1.1.275,path:map01110
ec:1.1.1.275,path:ec01110
ec:1.1.1.282,path:map01110
ec:1.1.1.282,path:ec01110
ec:1.1.1.286,path:map01110
ec:1.1.1.286,path:ec01110
ec:1.1.1.288,path:map01110
ec:1.1.1.288,path:ec01110
ec:1.1.1.29,path:map01110
ec:1.1.1.29,path:ec01110
ec:1.1.1.294,path:map01110
ec:1.1.1.294,path:ec01110
ec:1.1.1.295,path:map01110
ec:1.1.1.295,path:ec01110
ec:1.1.1.3,path:map01110
ec:1.1.1.3,path:ec01110
ec:1.1.1.314,path:map01110
ec:1.1.1.314,path:ec01110
ec:1.1.1.316,path:map01110
ec:1.1.1.316,path:ec01110
ec:1.1.1.324,path:map01110
ec:1.1.1.324,path:ec01110
ec:1.1.1.330,path:map01110
ec:1.1.1.330,path:ec01110
ec:1.1.1.34,path:map01110
ec:1.1.1.34,path:ec01110
ec:1.1.1.343,path:map01110
ec:1.1.1.343,path:ec01110
ec:1.1.1.348,path:map01110
ec:1.1.1.348,path:ec01110
ec:1.1.1.35,path:map01110
ec:1.1.1.35,path:ec01110
ec:1.1.1.359,path:map01110
ec:1.1.1.359,path:ec01110
ec:1.1.1.360,path:map01110
ec:1.1.1.360,path:ec01110
ec:1.1.1.363,path:map01110
ec:1.1.1.363,path:ec01110
ec:1.1.1.37,path:map01110
ec:1.1.1.37,path:ec01110
ec:1.1.1.386,path:map01110
ec:1.1.1.386,path:ec01110
ec:1.1.1.396,path:map01110
ec:1.1.1.396,path:ec01110
ec:1.1.1.41,path:map01110
ec:1.1.1.41,path:ec01110
ec:1.1.1.42,path:map01110
ec:1.1.1.42,path:ec01110
ec:1.1.1.44,path:map01110
ec:1.1.1.44,path:ec01110
ec:1.1.1.49,path:map01110
ec:1.1.1.49,path:ec01110
ec:1.1.1.5,path:map01110
ec:1.1.1.5,path:ec01110
ec:1.1.1.79,path:map01110
ec:1.1.1.79,path:ec01110
ec:1.1.1.8,path:map01110
ec:1.1.1.8,path:ec01110
ec:1.1.1.81,path:map01110
ec:1.1.1.81,path:ec01110
ec:1.1.1.85,path:map01110
ec:1.1.1.85,path:ec01110
ec:1.1.1.86,path:map01110
ec:1.1.1.86,path:ec01110
ec:1.1.1.88,path:map01110
ec:1.1.1.88,path:ec01110
ec:1.1.1.94,path:map01110
ec:1.1.1.94,path:ec01110
ec:1.1.2.7,path:map01110
ec:1.1.2.7,path:ec01110
ec:1.1.2.8,path:map01110
ec:1.1.2.8,path:ec01110
ec:1.1.3.15,path:map01110
ec:1.1.3.15,path:ec01110
ec:1.1.3.21,path:map01110
ec:1.1.3.21,path:ec01110
ec:1.1.5.3,path:map01110
ec:1.1.5.3,path:ec01110
ec:1.1.5.4,path:map01110
ec:1.1.5.4,path:ec01110
ec:1.1.5.8,path:map01110
ec:1.1.5.8,path:ec01110
ec:1.1.5.9,path:map01110
ec:1.1.5.9,path:ec01110
ec:1.10.3.1,path:map01110
ec:1.10.3.1,path:ec01110
ec:1.11.1.21,path:map01110
ec:1.11.1.21,path:ec01110
ec:1.11.1.6,path:map01110
ec:1.11.1.6,path:ec01110
ec:1.11.1.7,path:map01110
ec:1.11.1.7,path:ec01110
ec:1.13.11.12,path:map01110
ec:1.13.11.12,path:ec01110
ec:1.13.11.51,path:map01110
ec:1.13.11.51,path:ec01110
ec:1.14.11.11,path:map01110
ec:1.14.11.11,path:ec01110
ec:1.14.11.12,path:map01110
ec:1.14.11.12,path:ec01110
ec:1.14.11.13,path:map01110
ec:1.14.11.13,path:ec01110
ec:1.14.11.14,path:map01110
ec:1.14.11.14,path:ec01110
ec:1.14.11.15,path:map01110
ec:1.14.11.15,path:ec01110
ec:1.14.11.19,path:map01110
ec:1.14.11.19,path:ec01110
ec:1.14.11.22,path:map01110
ec:1.14.11.22,path:ec01110
ec:1.14.11.23,path:map01110
ec:1.14.11.23,path:ec01110
ec:1.14.11.31,path:map01110
ec:1.14.11.31,path:ec01110
ec:1.14.11.32,path:map01110
ec:1.14.11.32,path:ec01110
ec:1.14.11.9,path:map01110
ec:1.14.11.9,path:ec01110
ec:1.14.13.104,path:map01110
ec:1.14.13.104,path:ec01110
ec:1.14.13.105,path:map01110
ec:1.14.13.105,path:ec01110
ec:1.14.13.108,path:map01110
ec:1.14.13.108,path:ec01110
ec:1.14.13.109,path:map01110
ec:1.14.13.109,path:ec01110
ec:1.14.13.11,path:map01110
ec:1.14.13.11,path:ec01110
ec:1.14.13.110,path:map01110
ec:1.14.13.110,path:ec01110
ec:1.14.13.112,path:map01110
ec:1.14.13.112,path:ec01110
ec:1.14.13.116,path:map01110
ec:1.14.13.116,path:ec01110
ec:1.14.13.120,path:map01110
ec:1.14.13.120,path:ec01110
ec:1.14.13.121,path:map01110
ec:1.14.13.121,path:ec01110
ec:1.14.13.122,path:map01110
ec:1.14.13.122,path:ec01110
ec:1.14.13.123,path:map01110
ec:1.14.13.123,path:ec01110
ec:1.14.13.125,path:map01110
ec:1.14.13.125,path:ec01110
ec:1.14.13.136,path:map01110
ec:1.14.13.136,path:ec01110
ec:1.14.13.137,path:map01110
ec:1.14.13.137,path:ec01110
ec:1.14.13.138,path:map01110
ec:1.14.13.138,path:ec01110
ec:1.14.13.139,path:map01110
ec:1.14.13.139,path:ec01110
ec:1.14.13.14,path:map01110
ec:1.14.13.14,path:ec01110
ec:1.14.13.140,path:map01110
ec:1.14.13.140,path:ec01110
ec:1.14.13.143,path:map01110
ec:1.14.13.143,path:ec01110
ec:1.14.13.144,path:map01110
ec:1.14.13.144,path:ec01110
ec:1.14.13.145,path:map01110
ec:1.14.13.145,path:ec01110
ec:1.14.13.146,path:map01110
ec:1.14.13.146,path:ec01110
ec:1.14.13.151,path:map01110
ec:1.14.13.151,path:ec01110
ec:1.14.13.152,path:map01110
ec:1.14.13.152,path:ec01110
ec:1.14.13.156,path:map01110
ec:1.14.13.156,path:ec01110
ec:1.14.13.178,path:map01110
ec:1.14.13.178,path:ec01110
ec:1.14.13.179,path:map01110
ec:1.14.13.179,path:ec01110
ec:1.14.13.190,path:map01110
ec:1.14.13.190,path:ec01110
ec:1.14.13.21,path:map01110
ec:1.14.13.21,path:ec01110
ec:1.14.13.36,path:map01110
ec:1.14.13.36,path:ec01110
ec:1.14.13.37,path:map01110
ec:1.14.13.37,path:ec01110
ec:1.14.13.39,path:map01110
ec:1.14.13.39,path:ec01110
ec:1.14.13.47,path:map01110
ec:1.14.13.47,path:ec01110
ec:1.14.13.51,path:map01110
ec:1.14.13.51,path:ec01110
ec:1.14.13.52,path:map01110
ec:1.14.13.52,path:ec01110
ec:1.14.13.55,path:map01110
ec:1.14.13.55,path:ec01110
ec:1.14.13.56,path:map01110
ec:1.14.13.56,path:ec01110
ec:1.14.13.57,path:map01110
ec:1.14.13.57,path:ec01110
ec:1.14.13.70,path:map01110
ec:1.14.13.70,path:ec01110
ec:1.14.13.71,path:map01110
ec:1.14.13.71,path:ec01110
ec:1.14.13.74,path:map01110
ec:1.14.13.74,path:ec01110
ec:1.14.13.75,path:map01110
ec:1.14.13.75,path:ec01110
ec:1.14.13.76,path:map01110
ec:1.14.13.76,path:ec01110
ec:1.14.13.77,path:map01110
ec:1.14.13.77,path:ec01110
ec:1.14.13.78,path:map01110
ec:1.14.13.78,path:ec01110
ec:1.14.13.79,path:map01110
ec:1.14.13.79,path:ec01110
ec:1.14.13.81,path:map01110
ec:1.14.13.81,path:ec01110
ec:1.14.13.88,path:map01110
ec:1.14.13.88,path:ec01110
ec:1.14.13.89,path:map01110
ec:1.14.13.89,path:ec01110
ec:1.14.13.91,path:map01110
ec:1.14.13.91,path:ec01110
ec:1.14.14.1,path:map01110
ec:1.14.14.1,path:ec01110
ec:1.14.14.17,path:map01110
ec:1.14.14.17,path:ec01110
ec:1.14.14.18,path:map01110
ec:1.14.14.18,path:ec01110
ec:1.14.14.31,path:map01110
ec:1.14.14.31,path:ec01110
ec:1.14.14.36,path:map01110
ec:1.14.14.36,path:ec01110
ec:1.14.14.37,path:map01110
ec:1.14.14.37,path:ec01110
ec:1.14.14.38,path:map01110
ec:1.14.14.38,path:ec01110
ec:1.14.14.39,path:map01110
ec:1.14.14.39,path:ec01110
ec:1.14.14.40,path:map01110
ec:1.14.14.40,path:ec01110
ec:1.14.14.41,path:map01110
ec:1.14.14.41,path:ec01110
ec:1.14.14.42,path:map01110
ec:1.14.14.42,path:ec01110
ec:1.14.14.44,path:map01110
ec:1.14.14.44,path:ec01110
ec:1.14.14.45,path:map01110
ec:1.14.14.45,path:ec01110
ec:1.14.14.51,path:map01110
ec:1.14.14.51,path:ec01110
ec:1.14.14.52,path:map01110
ec:1.14.14.52,path:ec01110
ec:1.14.14.53,path:map01110
ec:1.14.14.53,path:ec01110
ec:1.14.15.17,path:map01110
ec:1.14.15.17,path:ec01110
ec:1.14.15.20,path:map01110
ec:1.14.15.20,path:ec01110
ec:1.14.15.21,path:map01110
ec:1.14.15.21,path:ec01110
ec:1.14.17.4,path:map01110
ec:1.14.17.4,path:ec01110
ec:1.14.18.1,path:map01110
ec:1.14.18.1,path:ec01110
ec:1.14.18.9,path:map01110
ec:1.14.18.9,path:ec01110
ec:1.14.19.20,path:map01110
ec:1.14.19.20,path:ec01110
ec:1.14.19.50,path:map01110
ec:1.14.19.50,path:ec01110
ec:1.14.19.51,path:map01110
ec:1.14.19.51,path:ec01110
ec:1.14.21.1,path:map01110
ec:1.14.21.1,path:ec01110
ec:1.14.21.2,path:map01110
ec:1.14.21.2,path:ec01110
ec:1.14.21.4,path:map01110
ec:1.14.21.4,path:ec01110
ec:1.14.21.5,path:map01110
ec:1.14.21.5,path:ec01110
ec:1.14.99.37,path:map01110
ec:1.14.99.37,path:ec01110
ec:1.14.99.43,path:map01110
ec:1.14.99.43,path:ec01110
ec:1.14.99.45,path:map01110
ec:1.14.99.45,path:ec01110
ec:1.14.99.48,path:map01110
ec:1.14.99.48,path:ec01110
ec:1.17.1.3,path:map01110
ec:1.17.1.3,path:ec01110
ec:1.17.1.8,path:map01110
ec:1.17.1.8,path:ec01110
ec:1.17.3.2,path:map01110
ec:1.17.3.2,path:ec01110
ec:1.17.4.4,path:map01110
ec:1.17.4.4,path:ec01110
ec:1.17.7.1,path:map01110
ec:1.17.7.1,path:ec01110
ec:1.17.7.2,path:map01110
ec:1.17.7.2,path:ec01110
ec:1.17.7.4,path:map01110
ec:1.17.7.4,path:ec01110
ec:1.17.98.2,path:map01110
ec:1.17.98.2,path:ec01110
ec:1.2.1.11,path:map01110
ec:1.2.1.11,path:ec01110
ec:1.2.1.12,path:map01110
ec:1.2.1.12,path:ec01110
ec:1.2.1.3,path:map01110
ec:1.2.1.3,path:ec01110
ec:1.2.1.31,path:map01110
ec:1.2.1.31,path:ec01110
ec:1.2.1.38,path:map01110
ec:1.2.1.38,path:ec01110
ec:1.2.1.41,path:map01110
ec:1.2.1.41,path:ec01110
ec:1.2.1.44,path:map01110
ec:1.2.1.44,path:ec01110
ec:1.2.1.5,path:map01110
ec:1.2.1.5,path:ec01110
ec:1.2.1.50,path:map01110
ec:1.2.1.50,path:ec01110
ec:1.2.1.59,path:map01110
ec:1.2.1.59,path:ec01110
ec:1.2.1.70,path:map01110
ec:1.2.1.70,path:ec01110
ec:1.2.1.74,path:map01110
ec:1.2.1.74,path:ec01110
ec:1.2.3.14,path:map01110
ec:1.2.3.14,path:ec01110
ec:1.2.4.1,path:map01110
ec:1.2.4.1,path:ec01110
ec:1.2.4.2,path:map01110
ec:1.2.4.2,path:ec01110
ec:1.2.4.4,path:map01110
ec:1.2.4.4,path:ec01110
ec:1.21.3.2,path:map01110
ec:1.21.3.2,path:ec01110
ec:1.21.3.3,path:map01110
ec:1.21.3.3,path:ec01110
ec:1.21.98.1,path:map01110
ec:1.21.98.1,path:ec01110
ec:1.23.5.1,path:map01110
ec:1.23.5.1,path:ec01110
ec:1.3.1.111,path:map01110
ec:1.3.1.111,path:ec01110
ec:1.3.1.12,path:map01110
ec:1.3.1.12,path:ec01110
ec:1.3.1.13,path:map01110
ec:1.3.1.13,path:ec01110
ec:1.3.1.21,path:map01110
ec:1.3.1.21,path:ec01110
ec:1.3.1.22,path:map01110
ec:1.3.1.22,path:ec01110
ec:1.3.1.24,path:map01110
ec:1.3.1.24,path:ec01110
ec:1.3.1.28,path:map01110
ec:1.3.1.28,path:ec01110
ec:1.3.1.33,path:map01110
ec:1.3.1.33,path:ec01110
ec:1.3.1.36,path:map01110
ec:1.3.1.36,path:ec01110
ec:1.3.1.42,path:map01110
ec:1.3.1.42,path:ec01110
ec:1.3.1.43,path:map01110
ec:1.3.1.43,path:ec01110
ec:1.3.1.45,path:map01110
ec:1.3.1.45,path:ec01110
ec:1.3.1.69,path:map01110
ec:1.3.1.69,path:ec01110
ec:1.3.1.70,path:map01110
ec:1.3.1.70,path:ec01110
ec:1.3.1.72,path:map01110
ec:1.3.1.72,path:ec01110
ec:1.3.1.73,path:map01110
ec:1.3.1.73,path:ec01110
ec:1.3.1.75,path:map01110
ec:1.3.1.75,path:ec01110
ec:1.3.1.76,path:map01110
ec:1.3.1.76,path:ec01110
ec:1.3.1.77,path:map01110
ec:1.3.1.77,path:ec01110
ec:1.3.1.78,path:map01110
ec:1.3.1.78,path:ec01110
ec:1.3.1.81,path:map01110
ec:1.3.1.81,path:ec01110
ec:1.3.1.82,path:map01110
ec:1.3.1.82,path:ec01110
ec:1.3.1.83,path:map01110
ec:1.3.1.83,path:ec01110
ec:1.3.1.93,path:map01110
ec:1.3.1.93,path:ec01110
ec:1.3.2.3,path:map01110
ec:1.3.2.3,path:ec01110
ec:1.3.3.15,path:map01110
ec:1.3.3.15,path:ec01110
ec:1.3.3.3,path:map01110
ec:1.3.3.3,path:ec01110
ec:1.3.3.4,path:map01110
ec:1.3.3.4,path:ec01110
ec:1.3.3.5,path:map01110
ec:1.3.3.5,path:ec01110
ec:1.3.3.6,path:map01110
ec:1.3.3.6,path:ec01110
ec:1.3.3.8,path:map01110
ec:1.3.3.8,path:ec01110
ec:1.3.3.9,path:map01110
ec:1.3.3.9,path:ec01110
ec:1.3.5.1,path:map01110
ec:1.3.5.1,path:ec01110
ec:1.3.5.3,path:map01110
ec:1.3.5.3,path:ec01110
ec:1.3.5.4,path:map01110
ec:1.3.5.4,path:ec01110
ec:1.3.5.5,path:map01110
ec:1.3.5.5,path:ec01110
ec:1.3.5.6,path:map01110
ec:1.3.5.6,path:ec01110
ec:1.3.7.12,path:map01110
ec:1.3.7.12,path:ec01110
ec:1.3.7.15,path:map01110
ec:1.3.7.15,path:ec01110
ec:1.3.7.2,path:map01110
ec:1.3.7.2,path:ec01110
ec:1.3.7.3,path:map01110
ec:1.3.7.3,path:ec01110
ec:1.3.7.4,path:map01110
ec:1.3.7.4,path:ec01110
ec:1.3.7.5,path:map01110
ec:1.3.7.5,path:ec01110
ec:1.3.7.7,path:map01110
ec:1.3.7.7,path:ec01110
ec:1.3.8.1,path:map01110
ec:1.3.8.1,path:ec01110
ec:1.3.8.7,path:map01110
ec:1.3.8.7,path:ec01110
ec:1.3.98.3,path:map01110
ec:1.3.98.3,path:ec01110
ec:1.3.99.12,path:map01110
ec:1.3.99.12,path:ec01110
ec:1.3.99.26,path:map01110
ec:1.3.99.26,path:ec01110
ec:1.3.99.28,path:map01110
ec:1.3.99.28,path:ec01110
ec:1.3.99.29,path:map01110
ec:1.3.99.29,path:ec01110
ec:1.3.99.30,path:map01110
ec:1.3.99.30,path:ec01110
ec:1.3.99.31,path:map01110
ec:1.3.99.31,path:ec01110
ec:1.4.1.13,path:map01110
ec:1.4.1.13,path:ec01110
ec:1.4.1.14,path:map01110
ec:1.4.1.14,path:ec01110
ec:1.4.1.16,path:map01110
ec:1.4.1.16,path:ec01110
ec:1.4.1.18,path:map01110
ec:1.4.1.18,path:ec01110
ec:1.4.1.20,path:map01110
ec:1.4.1.20,path:ec01110
ec:1.4.1.23,path:map01110
ec:1.4.1.23,path:ec01110
ec:1.4.1.24,path:map01110
ec:1.4.1.24,path:ec01110
ec:1.4.1.9,path:map01110
ec:1.4.1.9,path:ec01110
ec:1.4.3.21,path:map01110
ec:1.4.3.21,path:ec01110
ec:1.4.3.4,path:map01110
ec:1.4.3.4,path:ec01110
ec:1.4.9.2,path:map01110
ec:1.4.9.2,path:ec01110
ec:1.4.99.5,path:map01110
ec:1.4.99.5,path:ec01110
ec:1.5.1.10,path:map01110
ec:1.5.1.10,path:ec01110
ec:1.5.1.2,path:map01110
ec:1.5.1.2,path:ec01110
ec:1.5.1.27,path:map01110
ec:1.5.1.27,path:ec01110
ec:1.5.1.32,path:map01110
ec:1.5.1.32,path:ec01110
ec:1.5.1.7,path:map01110
ec:1.5.1.7,path:ec01110
ec:1.5.1.8,path:map01110
ec:1.5.1.8,path:ec01110
ec:1.5.1.9,path:map01110
ec:1.5.1.9,path:ec01110
ec:1.5.3.12,path:map01110
ec:1.5.3.12,path:ec01110
ec:1.5.5.2,path:map01110
ec:1.5.5.2,path:ec01110
ec:1.6.5.2,path:map01110
ec:1.6.5.2,path:ec01110
ec:1.8.1.4,path:map01110
ec:1.8.1.4,path:ec01110
ec:2.1.1.10,path:map01110
ec:2.1.1.10,path:ec01110
ec:2.1.1.104,path:map01110
ec:2.1.1.104,path:ec01110
ec:2.1.1.107,path:map01110
ec:2.1.1.107,path:ec01110
ec:2.1.1.11,path:map01110
ec:2.1.1.11,path:ec01110
ec:2.1.1.111,path:map01110
ec:2.1.1.111,path:ec01110
ec:2.1.1.114,path:map01110
ec:2.1.1.114,path:ec01110
ec:2.1.1.115,path:map01110
ec:2.1.1.115,path:ec01110
ec:2.1.1.116,path:map01110
ec:2.1.1.116,path:ec01110
ec:2.1.1.117,path:map01110
ec:2.1.1.117,path:ec01110
ec:2.1.1.119,path:map01110
ec:2.1.1.119,path:ec01110
ec:2.1.1.120,path:map01110
ec:2.1.1.120,path:ec01110
ec:2.1.1.122,path:map01110
ec:2.1.1.122,path:ec01110
ec:2.1.1.128,path:map01110
ec:2.1.1.128,path:ec01110
ec:2.1.1.13,path:map01110
ec:2.1.1.13,path:ec01110
ec:2.1.1.14,path:map01110
ec:2.1.1.14,path:ec01110
ec:2.1.1.140,path:map01110
ec:2.1.1.140,path:ec01110
ec:2.1.1.141,path:map01110
ec:2.1.1.141,path:ec01110
ec:2.1.1.143,path:map01110
ec:2.1.1.143,path:ec01110
ec:2.1.1.158,path:map01110
ec:2.1.1.158,path:ec01110
ec:2.1.1.159,path:map01110
ec:2.1.1.159,path:ec01110
ec:2.1.1.16,path:map01110
ec:2.1.1.16,path:ec01110
ec:2.1.1.160,path:map01110
ec:2.1.1.160,path:ec01110
ec:2.1.1.163,path:map01110
ec:2.1.1.163,path:ec01110
ec:2.1.1.17,path:map01110
ec:2.1.1.17,path:ec01110
ec:2.1.1.201,path:map01110
ec:2.1.1.201,path:ec01110
ec:2.1.1.212,path:map01110
ec:2.1.1.212,path:ec01110
ec:2.1.1.222,path:map01110
ec:2.1.1.222,path:ec01110
ec:2.1.1.270,path:map01110
ec:2.1.1.270,path:ec01110
ec:2.1.1.295,path:map01110
ec:2.1.1.295,path:ec01110
ec:2.1.1.331,path:map01110
ec:2.1.1.331,path:ec01110
ec:2.1.1.332,path:map01110
ec:2.1.1.332,path:ec01110
ec:2.1.1.333,path:map01110
ec:2.1.1.333,path:ec01110
ec:2.1.1.336,path:map01110
ec:2.1.1.336,path:ec01110
ec:2.1.1.337,path:map01110
ec:2.1.1.337,path:ec01110
ec:2.1.1.41,path:map01110
ec:2.1.1.41,path:ec01110
ec:2.1.1.50,path:map01110
ec:2.1.1.50,path:ec01110
ec:2.1.1.53,path:map01110
ec:2.1.1.53,path:ec01110
ec:2.1.1.64,path:map01110
ec:2.1.1.64,path:ec01110
ec:2.1.1.68,path:map01110
ec:2.1.1.68,path:ec01110
ec:2.1.1.71,path:map01110
ec:2.1.1.71,path:ec01110
ec:2.1.1.95,path:map01110
ec:2.1.1.95,path:ec01110
ec:2.1.2.1,path:map01110
ec:2.1.2.1,path:ec01110
ec:2.1.2.11,path:map01110
ec:2.1.2.11,path:ec01110
ec:2.1.2.2,path:map01110
ec:2.1.2.2,path:ec01110
ec:2.1.2.3,path:map01110
ec:2.1.2.3,path:ec01110
ec:2.1.3.3,path:map01110
ec:2.1.3.3,path:ec01110
ec:2.2.1.1,path:map01110
ec:2.2.1.1,path:ec01110
ec:2.2.1.10,path:map01110
ec:2.2.1.10,path:ec01110
ec:2.2.1.11,path:map01110
ec:2.2.1.11,path:ec01110
ec:2.2.1.2,path:map01110
ec:2.2.1.2,path:ec01110
ec:2.2.1.6,path:map01110
ec:2.2.1.6,path:ec01110
ec:2.2.1.7,path:map01110
ec:2.2.1.7,path:ec01110
ec:2.2.1.9,path:map01110
ec:2.2.1.9,path:ec01110
ec:2.3.1.1,path:map01110
ec:2.3.1.1,path:ec01110
ec:2.3.1.12,path:map01110
ec:2.3.1.12,path:ec01110
ec:2.3.1.133,path:map01110
ec:2.3.1.133,path:ec01110
ec:2.3.1.146,path:map01110
ec:2.3.1.146,path:ec01110
ec:2.3.1.15,path:map01110
ec:2.3.1.15,path:ec01110
ec:2.3.1.150,path:map01110
ec:2.3.1.150,path:ec01110
ec:2.3.1.159,path:map01110
ec:2.3.1.159,path:ec01110
ec:2.3.1.16,path:map01110
ec:2.3.1.16,path:ec01110
ec:2.3.1.160,path:map01110
ec:2.3.1.160,path:ec01110
ec:2.3.1.162,path:map01110
ec:2.3.1.162,path:ec01110
ec:2.3.1.166,path:map01110
ec:2.3.1.166,path:ec01110
ec:2.3.1.167,path:map01110
ec:2.3.1.167,path:ec01110
ec:2.3.1.168,path:map01110
ec:2.3.1.168,path:ec01110
ec:2.3.1.170,path:map01110
ec:2.3.1.170,path:ec01110
ec:2.3.1.195,path:map01110
ec:2.3.1.195,path:ec01110
ec:2.3.1.198,path:map01110
ec:2.3.1.198,path:ec01110
ec:2.3.1.199,path:map01110
ec:2.3.1.199,path:ec01110
ec:2.3.1.211,path:map01110
ec:2.3.1.211,path:ec01110
ec:2.3.1.217,path:map01110
ec:2.3.1.217,path:ec01110
ec:2.3.1.218,path:map01110
ec:2.3.1.218,path:ec01110
ec:2.3.1.219,path:map01110
ec:2.3.1.219,path:ec01110
ec:2.3.1.30,path:map01110
ec:2.3.1.30,path:ec01110
ec:2.3.1.37,path:map01110
ec:2.3.1.37,path:ec01110
ec:2.3.1.46,path:map01110
ec:2.3.1.46,path:ec01110
ec:2.3.1.5,path:map01110
ec:2.3.1.5,path:ec01110
ec:2.3.1.51,path:map01110
ec:2.3.1.51,path:ec01110
ec:2.3.1.52,path:map01110
ec:2.3.1.52,path:ec01110
ec:2.3.1.61,path:map01110
ec:2.3.1.61,path:ec01110
ec:2.3.1.74,path:map01110
ec:2.3.1.74,path:ec01110
ec:2.3.1.89,path:map01110
ec:2.3.1.89,path:ec01110
ec:2.3.1.9,path:map01110
ec:2.3.1.9,path:ec01110
ec:2.3.1.95,path:map01110
ec:2.3.1.95,path:ec01110
ec:2.3.3.1,path:map01110
ec:2.3.3.1,path:ec01110
ec:2.3.3.10,path:map01110
ec:2.3.3.10,path:ec01110
ec:2.3.3.13,path:map01110
ec:2.3.3.13,path:ec01110
ec:2.3.3.17,path:map01110
ec:2.3.3.17,path:ec01110
ec:2.3.3.8,path:map01110
ec:2.3.3.8,path:ec01110
ec:2.3.3.9,path:map01110
ec:2.3.3.9,path:ec01110
ec:2.4.1.1,path:map01110
ec:2.4.1.1,path:ec01110
ec:2.4.1.114,path:map01110
ec:2.4.1.114,path:ec01110
ec:2.4.1.115,path:map01110
ec:2.4.1.115,path:ec01110
ec:2.4.1.128,path:map01110
ec:2.4.1.128,path:ec01110
ec:2.4.1.159,path:map01110
ec:2.4.1.159,path:ec01110
ec:2.4.1.17,path:map01110
ec:2.4.1.17,path:ec01110
ec:2.4.1.18,path:map01110
ec:2.4.1.18,path:ec01110
ec:2.4.1.195,path:map01110
ec:2.4.1.195,path:ec01110
ec:2.4.1.203,path:map01110
ec:2.4.1.203,path:ec01110
ec:2.4.1.21,path:map01110
ec:2.4.1.21,path:ec01110
ec:2.4.1.219,path:map01110
ec:2.4.1.219,path:ec01110
ec:2.4.1.242,path:map01110
ec:2.4.1.242,path:ec01110
ec:2.4.1.263,path:map01110
ec:2.4.1.263,path:ec01110
ec:2.4.1.63,path:map01110
ec:2.4.1.63,path:ec01110
ec:2.4.1.85,path:map01110
ec:2.4.1.85,path:ec01110
ec:2.4.1.91,path:map01110
ec:2.4.1.91,path:ec01110
ec:2.4.2.1,path:map01110
ec:2.4.2.1,path:ec01110
ec:2.4.2.14,path:map01110
ec:2.4.2.14,path:ec01110
ec:2.4.2.17,path:map01110
ec:2.4.2.17,path:ec01110
ec:2.4.2.18,path:map01110
ec:2.4.2.18,path:ec01110
ec:2.4.2.22,path:map01110
ec:2.4.2.22,path:ec01110
ec:2.4.2.40,path:map01110
ec:2.4.2.40,path:ec01110
ec:2.4.2.8,path:map01110
ec:2.4.2.8,path:ec01110
ec:2.5.1.1,path:map01110
ec:2.5.1.1,path:ec01110
ec:2.5.1.10,path:map01110
ec:2.5.1.10,path:ec01110
ec:2.5.1.112,path:map01110
ec:2.5.1.112,path:ec01110
ec:2.5.1.115,path:map01110
ec:2.5.1.115,path:ec01110
ec:2.5.1.116,path:map01110
ec:2.5.1.116,path:ec01110
ec:2.5.1.120,path:map01110
ec:2.5.1.120,path:ec01110
ec:2.5.1.133,path:map01110
ec:2.5.1.133,path:ec01110
ec:2.5.1.141,path:map01110
ec:2.5.1.141,path:ec01110
ec:2.5.1.19,path:map01110
ec:2.5.1.19,path:ec01110
ec:2.5.1.21,path:map01110
ec:2.5.1.21,path:ec01110
ec:2.5.1.24,path:map01110
ec:2.5.1.24,path:ec01110
ec:2.5.1.27,path:map01110
ec:2.5.1.27,path:ec01110
ec:2.5.1.29,path:map01110
ec:2.5.1.29,path:ec01110
ec:2.5.1.30,path:map01110
ec:2.5.1.30,path:ec01110
ec:2.5.1.31,path:map01110
ec:2.5.1.31,path:ec01110
ec:2.5.1.32,path:map01110
ec:2.5.1.32,path:ec01110
ec:2.5.1.39,path:map01110
ec:2.5.1.39,path:ec01110
ec:2.5.1.44,path:map01110
ec:2.5.1.44,path:ec01110
ec:2.5.1.47,path:map01110
ec:2.5.1.47,path:ec01110
ec:2.5.1.48,path:map01110
ec:2.5.1.48,path:ec01110
ec:2.5.1.50,path:map01110
ec:2.5.1.50,path:ec01110
ec:2.5.1.54,path:map01110
ec:2.5.1.54,path:ec01110
ec:2.5.1.6,path:map01110
ec:2.5.1.6,path:ec01110
ec:2.5.1.61,path:map01110
ec:2.5.1.61,path:ec01110
ec:2.5.1.62,path:map01110
ec:2.5.1.62,path:ec01110
ec:2.5.1.65,path:map01110
ec:2.5.1.65,path:ec01110
ec:2.5.1.68,path:map01110
ec:2.5.1.68,path:ec01110
ec:2.5.1.74,path:map01110
ec:2.5.1.74,path:ec01110
ec:2.5.1.75,path:map01110
ec:2.5.1.75,path:ec01110
ec:2.5.1.78,path:map01110
ec:2.5.1.78,path:ec01110
ec:2.5.1.82,path:map01110
ec:2.5.1.82,path:ec01110
ec:2.5.1.83,path:map01110
ec:2.5.1.83,path:ec01110
ec:2.5.1.84,path:map01110
ec:2.5.1.84,path:ec01110
ec:2.5.1.85,path:map01110
ec:2.5.1.85,path:ec01110
ec:2.5.1.86,path:map01110
ec:2.5.1.86,path:ec01110
ec:2.5.1.87,path:map01110
ec:2.5.1.87,path:ec01110
ec:2.5.1.88,path:map01110
ec:2.5.1.88,path:ec01110
ec:2.5.1.9,path:map01110
ec:2.5.1.9,path:ec01110
ec:2.5.1.90,path:map01110
ec:2.5.1.90,path:ec01110
ec:2.5.1.92,path:map01110
ec:2.5.1.92,path:ec01110
ec:2.5.1.93,path:map01110
ec:2.5.1.93,path:ec01110
ec:2.5.1.96,path:map01110
ec:2.5.1.96,path:ec01110
ec:2.5.1.99,path:map01110
ec:2.5.1.99,path:ec01110
ec:2.6.1.1,path:map01110
ec:2.6.1.1,path:ec01110
ec:2.6.1.11,path:map01110
ec:2.6.1.11,path:ec01110
ec:2.6.1.13,path:map01110
ec:2.6.1.13,path:ec01110
ec:2.6.1.4,path:map01110
ec:2.6.1.4,path:ec01110
ec:2.6.1.42,path:map01110
ec:2.6.1.42,path:ec01110
ec:2.6.1.44,path:map01110
ec:2.6.1.44,path:ec01110
ec:2.6.1.45,path:map01110
ec:2.6.1.45,path:ec01110
ec:2.6.1.5,path:map01110
ec:2.6.1.5,path:ec01110
ec:2.6.1.57,path:map01110
ec:2.6.1.57,path:ec01110
ec:2.6.1.58,path:map01110
ec:2.6.1.58,path:ec01110
ec:2.6.1.6,path:map01110
ec:2.6.1.6,path:ec01110
ec:2.6.1.66,path:map01110
ec:2.6.1.66,path:ec01110
ec:2.6.1.78,path:map01110
ec:2.6.1.78,path:ec01110
ec:2.6.1.83,path:map01110
ec:2.6.1.83,path:ec01110
ec:2.6.1.9,path:map01110
ec:2.6.1.9,path:ec01110
ec:2.7.1.1,path:map01110
ec:2.7.1.1,path:ec01110
ec:2.7.1.107,path:map01110
ec:2.7.1.107,path:ec01110
ec:2.7.1.11,path:map01110
ec:2.7.1.11,path:ec01110
ec:2.7.1.12,path:map01110
ec:2.7.1.12,path:ec01110
ec:2.7.1.146,path:map01110
ec:2.7.1.146,path:ec01110
ec:2.7.1.147,path:map01110
ec:2.7.1.147,path:ec01110
ec:2.7.1.148,path:map01110
ec:2.7.1.148,path:ec01110
ec:2.7.1.174,path:map01110
ec:2.7.1.174,path:ec01110
ec:2.7.1.2,path:map01110
ec:2.7.1.2,path:ec01110
ec:2.7.1.26,path:map01110
ec:2.7.1.26,path:ec01110
ec:2.7.1.31,path:map01110
ec:2.7.1.31,path:ec01110
ec:2.7.1.36,path:map01110
ec:2.7.1.36,path:ec01110
ec:2.7.1.39,path:map01110
ec:2.7.1.39,path:ec01110
ec:2.7.1.40,path:map01110
ec:2.7.1.40,path:ec01110
ec:2.7.1.63,path:map01110
ec:2.7.1.63,path:ec01110
ec:2.7.1.71,path:map01110
ec:2.7.1.71,path:ec01110
ec:2.7.1.90,path:map01110
ec:2.7.1.90,path:ec01110
ec:2.7.2.3,path:map01110
ec:2.7.2.3,path:ec01110
ec:2.7.2.4,path:map01110
ec:2.7.2.4,path:ec01110
ec:2.7.2.8,path:map01110
ec:2.7.2.8,path:ec01110
ec:2.7.4.10,path:map01110
ec:2.7.4.10,path:ec01110
ec:2.7.4.2,path:map01110
ec:2.7.4.2,path:ec01110
ec:2.7.4.26,path:map01110
ec:2.7.4.26,path:ec01110
ec:2.7.4.3,path:map01110
ec:2.7.4.3,path:ec01110
ec:2.7.4.6,path:map01110
ec:2.7.4.6,path:ec01110
ec:2.7.6.1,path:map01110
ec:2.7.6.1,path:ec01110
ec:2.7.7.13,path:map01110
ec:2.7.7.13,path:ec01110
ec:2.7.7.2,path:map01110
ec:2.7.7.2,path:ec01110
ec:2.7.7.27,path:map01110
ec:2.7.7.27,path:ec01110
ec:2.7.7.41,path:map01110
ec:2.7.7.41,path:ec01110
ec:2.7.7.60,path:map01110
ec:2.7.7.60,path:ec01110
ec:2.7.7.69,path:map01110
ec:2.7.7.69,path:ec01110
ec:2.7.8.1,path:map01110
ec:2.7.8.1,path:ec01110
ec:2.7.8.24,path:map01110
ec:2.7.8.24,path:ec01110
ec:2.7.8.29,path:map01110
ec:2.7.8.29,path:ec01110
ec:2.7.8.8,path:map01110
ec:2.7.8.8,path:ec01110
ec:2.8.2.24,path:map01110
ec:2.8.2.24,path:ec01110
ec:2.8.3.18,path:map01110
ec:2.8.3.18,path:ec01110
ec:3.1.1.10,path:map01110
ec:3.1.1.10,path:ec01110
ec:3.1.1.100,path:map01110
ec:3.1.1.100,path:ec01110
ec:3.1.1.14,path:map01110
ec:3.1.1.14,path:ec01110
ec:3.1.1.17,path:map01110
ec:3.1.1.17,path:ec01110
ec:3.1.1.31,path:map01110
ec:3.1.1.31,path:ec01110
ec:3.1.1.32,path:map01110
ec:3.1.1.32,path:ec01110
ec:3.1.1.4,path:map01110
ec:3.1.1.4,path:ec01110
ec:3.1.1.78,path:map01110
ec:3.1.1.78,path:ec01110
ec:3.1.1.80,path:map01110
ec:3.1.1.80,path:ec01110
ec:3.1.1.82,path:map01110
ec:3.1.1.82,path:ec01110
ec:3.1.1.84,path:map01110
ec:3.1.1.84,path:ec01110
ec:3.1.2.2,path:map01110
ec:3.1.2.2,path:ec01110
ec:3.1.2.23,path:map01110
ec:3.1.2.23,path:ec01110
ec:3.1.2.28,path:map01110
ec:3.1.2.28,path:ec01110
ec:3.1.3.104,path:map01110
ec:3.1.3.104,path:ec01110
ec:3.1.3.11,path:map01110
ec:3.1.3.11,path:ec01110
ec:3.1.3.15,path:map01110
ec:3.1.3.15,path:ec01110
ec:3.1.3.18,path:map01110
ec:3.1.3.18,path:ec01110
ec:3.1.3.4,path:map01110
ec:3.1.3.4,path:ec01110
ec:3.1.3.5,path:map01110
ec:3.1.3.5,path:ec01110
ec:3.1.3.81,path:map01110
ec:3.1.3.81,path:ec01110
ec:3.1.3.93,path:map01110
ec:3.1.3.93,path:ec01110
ec:3.1.4.3,path:map01110
ec:3.1.4.3,path:ec01110
ec:3.1.4.4,path:map01110
ec:3.1.4.4,path:ec01110
ec:3.1.7.10,path:map01110
ec:3.1.7.10,path:ec01110
ec:3.1.7.11,path:map01110
ec:3.1.7.11,path:ec01110
ec:3.1.7.3,path:map01110
ec:3.1.7.3,path:ec01110
ec:3.1.7.5,path:map01110
ec:3.1.7.5,path:ec01110
ec:3.1.7.6,path:map01110
ec:3.1.7.6,path:ec01110
ec:3.2.1.105,path:map01110
ec:3.2.1.105,path:ec01110
ec:3.2.1.117,path:map01110
ec:3.2.1.117,path:ec01110
ec:3.2.1.118,path:map01110
ec:3.2.1.118,path:ec01110
ec:3.2.1.141,path:map01110
ec:3.2.1.141,path:ec01110
ec:3.2.1.21,path:map01110
ec:3.2.1.21,path:ec01110
ec:3.2.1.31,path:map01110
ec:3.2.1.31,path:ec01110
ec:3.2.1.68,path:map01110
ec:3.2.1.68,path:ec01110
ec:3.2.2.25,path:map01110
ec:3.2.2.25,path:ec01110
ec:3.2.2.26,path:map01110
ec:3.2.2.26,path:ec01110
ec:3.2.2.30,path:map01110
ec:3.2.2.30,path:ec01110
ec:3.3.2.1,path:map01110
ec:3.3.2.1,path:ec01110
ec:3.5.1.1,path:map01110
ec:3.5.1.1,path:ec01110
ec:3.5.1.14,path:map01110
ec:3.5.1.14,path:ec01110
ec:3.5.1.16,path:map01110
ec:3.5.1.16,path:ec01110
ec:3.5.1.22,path:map01110
ec:3.5.1.22,path:ec01110
ec:3.5.1.38,path:map01110
ec:3.5.1.38,path:ec01110
ec:3.5.1.47,path:map01110
ec:3.5.1.47,path:ec01110
ec:3.5.3.1,path:map01110
ec:3.5.3.1,path:ec01110
ec:3.5.3.6,path:map01110
ec:3.5.3.6,path:ec01110
ec:3.5.4.10,path:map01110
ec:3.5.4.10,path:ec01110
ec:3.5.4.19,path:map01110
ec:3.5.4.19,path:ec01110
ec:3.5.4.25,path:map01110
ec:3.5.4.25,path:ec01110
ec:3.5.4.26,path:map01110
ec:3.5.4.26,path:ec01110
ec:3.5.4.40,path:map01110
ec:3.5.4.40,path:ec01110
ec:3.5.4.6,path:map01110
ec:3.5.4.6,path:ec01110
ec:3.5.5.4,path:map01110
ec:3.5.5.4,path:ec01110
ec:3.6.1.21,path:map01110
ec:3.6.1.21,path:ec01110
ec:3.6.1.26,path:map01110
ec:3.6.1.26,path:ec01110
ec:3.6.1.31,path:map01110
ec:3.6.1.31,path:ec01110
ec:4.1.1.1,path:map01110
ec:4.1.1.1,path:ec01110
ec:4.1.1.11,path:map01110
ec:4.1.1.11,path:ec01110
ec:4.1.1.15,path:map01110
ec:4.1.1.15,path:ec01110
ec:4.1.1.17,path:map01110
ec:4.1.1.17,path:ec01110
ec:4.1.1.18,path:map01110
ec:4.1.1.18,path:ec01110
ec:4.1.1.20,path:map01110
ec:4.1.1.20,path:ec01110
ec:4.1.1.21,path:map01110
ec:4.1.1.21,path:ec01110
ec:4.1.1.22,path:map01110
ec:4.1.1.22,path:ec01110
ec:4.1.1.25,path:map01110
ec:4.1.1.25,path:ec01110
ec:4.1.1.28,path:map01110
ec:4.1.1.28,path:ec01110
ec:4.1.1.32,path:map01110
ec:4.1.1.32,path:ec01110
ec:4.1.1.33,path:map01110
ec:4.1.1.33,path:ec01110
ec:4.1.1.37,path:map01110
ec:4.1.1.37,path:ec01110
ec:4.1.1.39,path:map01110
ec:4.1.1.39,path:ec01110
ec:4.1.1.48,path:map01110
ec:4.1.1.48,path:ec01110
ec:4.1.1.49,path:map01110
ec:4.1.1.49,path:ec01110
ec:4.1.1.65,path:map01110
ec:4.1.1.65,path:ec01110
ec:4.1.1.80,path:map01110
ec:4.1.1.80,path:ec01110
ec:4.1.1.90,path:map01110
ec:4.1.1.90,path:ec01110
ec:4.1.1.99,path:map01110
ec:4.1.1.99,path:ec01110
ec:4.1.2.10,path:map01110
ec:4.1.2.10,path:ec01110
ec:4.1.2.11,path:map01110
ec:4.1.2.11,path:ec01110
ec:4.1.2.13,path:map01110
ec:4.1.2.13,path:ec01110
ec:4.1.2.41,path:map01110
ec:4.1.2.41,path:ec01110
ec:4.1.2.46,path:map01110
ec:4.1.2.46,path:ec01110
ec:4.1.2.47,path:map01110
ec:4.1.2.47,path:ec01110
ec:4.1.2.48,path:map01110
ec:4.1.2.48,path:ec01110
ec:4.1.3.1,path:map01110
ec:4.1.3.1,path:ec01110
ec:4.1.3.27,path:map01110
ec:4.1.3.27,path:ec01110
ec:4.1.3.36,path:map01110
ec:4.1.3.36,path:ec01110
ec:4.1.3.40,path:map01110
ec:4.1.3.40,path:ec01110
ec:4.1.99.12,path:map01110
ec:4.1.99.12,path:ec01110
ec:4.1.99.16,path:map01110
ec:4.1.99.16,path:ec01110
ec:4.1.99.5,path:map01110
ec:4.1.99.5,path:ec01110
ec:4.2.1.10,path:map01110
ec:4.2.1.10,path:ec01110
ec:4.2.1.101,path:map01110
ec:4.2.1.101,path:ec01110
ec:4.2.1.105,path:map01110
ec:4.2.1.105,path:ec01110
ec:4.2.1.11,path:map01110
ec:4.2.1.11,path:ec01110
ec:4.2.1.113,path:map01110
ec:4.2.1.113,path:ec01110
ec:4.2.1.118,path:map01110
ec:4.2.1.118,path:ec01110
ec:4.2.1.123,path:map01110
ec:4.2.1.123,path:ec01110
ec:4.2.1.124,path:map01110
ec:4.2.1.124,path:ec01110
ec:4.2.1.125,path:map01110
ec:4.2.1.125,path:ec01110
ec:4.2.1.127,path:map01110
ec:4.2.1.127,path:ec01110
ec:4.2.1.129,path:map01110
ec:4.2.1.129,path:ec01110
ec:4.2.1.133,path:map01110
ec:4.2.1.133,path:ec01110
ec:4.2.1.134,path:map01110
ec:4.2.1.134,path:ec01110
ec:4.2.1.139,path:map01110
ec:4.2.1.139,path:ec01110
ec:4.2.1.151,path:map01110
ec:4.2.1.151,path:ec01110
ec:4.2.1.165,path:map01110
ec:4.2.1.165,path:ec01110
ec:4.2.1.169,path:map01110
ec:4.2.1.169,path:ec01110
ec:4.2.1.17,path:map01110
ec:4.2.1.17,path:ec01110
ec:4.2.1.170,path:map01110
ec:4.2.1.170,path:ec01110
ec:4.2.1.19,path:map01110
ec:4.2.1.19,path:ec01110
ec:4.2.1.2,path:map01110
ec:4.2.1.2,path:ec01110
ec:4.2.1.20,path:map01110
ec:4.2.1.20,path:ec01110
ec:4.2.1.24,path:map01110
ec:4.2.1.24,path:ec01110
ec:4.2.1.3,path:map01110
ec:4.2.1.3,path:ec01110
ec:4.2.1.33,path:map01110
ec:4.2.1.33,path:ec01110
ec:4.2.1.51,path:map01110
ec:4.2.1.51,path:ec01110
ec:4.2.1.65,path:map01110
ec:4.2.1.65,path:ec01110
ec:4.2.1.75,path:map01110
ec:4.2.1.75,path:ec01110
ec:4.2.1.78,path:map01110
ec:4.2.1.78,path:ec01110
ec:4.2.1.9,path:map01110
ec:4.2.1.9,path:ec01110
ec:4.2.1.91,path:map01110
ec:4.2.1.91,path:ec01110
ec:4.2.1.92,path:map01110
ec:4.2.1.92,path:ec01110
ec:4.2.3.1,path:map01110
ec:4.2.3.1,path:ec01110
ec:4.2.3.10,path:map01110
ec:4.2.3.10,path:ec01110
ec:4.2.3.103,path:map01110
ec:4.2.3.103,path:ec01110
ec:4.2.3.108,path:map01110
ec:4.2.3.108,path:ec01110
ec:4.2.3.11,path:map01110
ec:4.2.3.11,path:ec01110
ec:4.2.3.111,path:map01110
ec:4.2.3.111,path:ec01110
ec:4.2.3.116,path:map01110
ec:4.2.3.116,path:ec01110
ec:4.2.3.119,path:map01110
ec:4.2.3.119,path:ec01110
ec:4.2.3.120,path:map01110
ec:4.2.3.120,path:ec01110
ec:4.2.3.13,path:map01110
ec:4.2.3.13,path:ec01110
ec:4.2.3.131,path:map01110
ec:4.2.3.131,path:ec01110
ec:4.2.3.132,path:map01110
ec:4.2.3.132,path:ec01110
ec:4.2.3.140,path:map01110
ec:4.2.3.140,path:ec01110
ec:4.2.3.141,path:map01110
ec:4.2.3.141,path:ec01110
ec:4.2.3.147,path:map01110
ec:4.2.3.147,path:ec01110
ec:4.2.3.15,path:map01110
ec:4.2.3.15,path:ec01110
ec:4.2.3.16,path:map01110
ec:4.2.3.16,path:ec01110
ec:4.2.3.17,path:map01110
ec:4.2.3.17,path:ec01110
ec:4.2.3.18,path:map01110
ec:4.2.3.18,path:ec01110
ec:4.2.3.19,path:map01110
ec:4.2.3.19,path:ec01110
ec:4.2.3.20,path:map01110
ec:4.2.3.20,path:ec01110
ec:4.2.3.21,path:map01110
ec:4.2.3.21,path:ec01110
ec:4.2.3.22,path:map01110
ec:4.2.3.22,path:ec01110
ec:4.2.3.23,path:map01110
ec:4.2.3.23,path:ec01110
ec:4.2.3.24,path:map01110
ec:4.2.3.24,path:ec01110
ec:4.2.3.25,path:map01110
ec:4.2.3.25,path:ec01110
ec:4.2.3.26,path:map01110
ec:4.2.3.26,path:ec01110
ec:4.2.3.27,path:map01110
ec:4.2.3.27,path:ec01110
ec:4.2.3.28,path:map01110
ec:4.2.3.28,path:ec01110
ec:4.2.3.29,path:map01110
ec:4.2.3.29,path:ec01110
ec:4.2.3.30,path:map01110
ec:4.2.3.30,path:ec01110
ec:4.2.3.32,path:map01110
ec:4.2.3.32,path:ec01110
ec:4.2.3.33,path:map01110
ec:4.2.3.33,path:ec01110
ec:4.2.3.34,path:map01110
ec:4.2.3.34,path:ec01110
ec:4.2.3.35,path:map01110
ec:4.2.3.35,path:ec01110
ec:4.2.3.37,path:map01110
ec:4.2.3.37,path:ec01110
ec:4.2.3.38,path:map01110
ec:4.2.3.38,path:ec01110
ec:4.2.3.39,path:map01110
ec:4.2.3.39,path:ec01110
ec:4.2.3.4,path:map01110
ec:4.2.3.4,path:ec01110
ec:4.2.3.42,path:map01110
ec:4.2.3.42,path:ec01110
ec:4.2.3.43,path:map01110
ec:4.2.3.43,path:ec01110
ec:4.2.3.44,path:map01110
ec:4.2.3.44,path:ec01110
ec:4.2.3.45,path:map01110
ec:4.2.3.45,path:ec01110
ec:4.2.3.46,path:map01110
ec:4.2.3.46,path:ec01110
ec:4.2.3.5,path:map01110
ec:4.2.3.5,path:ec01110
ec:4.2.3.56,path:map01110
ec:4.2.3.56,path:ec01110
ec:4.2.3.57,path:map01110
ec:4.2.3.57,path:ec01110
ec:4.2.3.66,path:map01110
ec:4.2.3.66,path:ec01110
ec:4.2.3.8,path:map01110
ec:4.2.3.8,path:ec01110
ec:4.2.3.9,path:map01110
ec:4.2.3.9,path:ec01110
ec:4.2.3.99,path:map01110
ec:4.2.3.99,path:ec01110
ec:4.2.99.20,path:map01110
ec:4.2.99.20,path:ec01110
ec:4.2.99.21,path:map01110
ec:4.2.99.21,path:ec01110
ec:4.3.1.12,path:map01110
ec:4.3.1.12,path:ec01110
ec:4.3.1.17,path:map01110
ec:4.3.1.17,path:ec01110
ec:4.3.1.19,path:map01110
ec:4.3.1.19,path:ec01110
ec:4.3.1.24,path:map01110
ec:4.3.1.24,path:ec01110
ec:4.3.1.25,path:map01110
ec:4.3.1.25,path:ec01110
ec:4.3.2.1,path:map01110
ec:4.3.2.1,path:ec01110
ec:4.3.2.2,path:map01110
ec:4.3.2.2,path:ec01110
ec:4.3.3.2,path:map01110
ec:4.3.3.2,path:ec01110
ec:4.3.3.7,path:map01110
ec:4.3.3.7,path:ec01110
ec:4.4.1.14,path:map01110
ec:4.4.1.14,path:ec01110
ec:4.4.1.8,path:map01110
ec:4.4.1.8,path:ec01110
ec:4.4.1.9,path:map01110
ec:4.4.1.9,path:ec01110
ec:4.6.1.12,path:map01110
ec:4.6.1.12,path:ec01110
ec:4.99.1.1,path:map01110
ec:4.99.1.1,path:ec01110
ec:4.99.1.10,path:map01110
ec:4.99.1.10,path:ec01110
ec:4.99.1.4,path:map01110
ec:4.99.1.4,path:ec01110
ec:4.99.1.7,path:map01110
ec:4.99.1.7,path:ec01110
ec:4.99.1.9,path:map01110
ec:4.99.1.9,path:ec01110
ec:5.1.1.7,path:map01110
ec:5.1.1.7,path:ec01110
ec:5.1.3.1,path:map01110
ec:5.1.3.1,path:ec01110
ec:5.1.3.15,path:map01110
ec:5.1.3.15,path:ec01110
ec:5.1.3.18,path:map01110
ec:5.1.3.18,path:ec01110
ec:5.1.3.3,path:map01110
ec:5.1.3.3,path:ec01110
ec:5.2.1.12,path:map01110
ec:5.2.1.12,path:ec01110
ec:5.2.1.13,path:map01110
ec:5.2.1.13,path:ec01110
ec:5.2.1.9,path:map01110
ec:5.2.1.9,path:ec01110
ec:5.3.1.1,path:map01110
ec:5.3.1.1,path:ec01110
ec:5.3.1.16,path:map01110
ec:5.3.1.16,path:ec01110
ec:5.3.1.24,path:map01110
ec:5.3.1.24,path:ec01110
ec:5.3.1.6,path:map01110
ec:5.3.1.6,path:ec01110
ec:5.3.1.8,path:map01110
ec:5.3.1.8,path:ec01110
ec:5.3.1.9,path:map01110
ec:5.3.1.9,path:ec01110
ec:5.3.3.2,path:map01110
ec:5.3.3.2,path:ec01110
ec:5.3.3.5,path:map01110
ec:5.3.3.5,path:ec01110
ec:5.3.99.6,path:map01110
ec:5.3.99.6,path:ec01110
ec:5.3.99.9,path:map01110
ec:5.3.99.9,path:ec01110
ec:5.4.2.11,path:map01110
ec:5.4.2.11,path:ec01110
ec:5.4.2.12,path:map01110
ec:5.4.2.12,path:ec01110
ec:5.4.2.2,path:map01110
ec:5.4.2.2,path:ec01110
ec:5.4.2.5,path:map01110
ec:5.4.2.5,path:ec01110
ec:5.4.2.8,path:map01110
ec:5.4.2.8,path:ec01110
ec:5.4.3.8,path:map01110
ec:5.4.3.8,path:ec01110
ec:5.4.4.2,path:map01110
ec:5.4.4.2,path:ec01110
ec:5.4.4.4,path:map01110
ec:5.4.4.4,path:ec01110
ec:5.4.99.15,path:map01110
ec:5.4.99.15,path:ec01110
ec:5.4.99.18,path:map01110
ec:5.4.99.18,path:ec01110
ec:5.4.99.3,path:map01110
ec:5.4.99.3,path:ec01110
ec:5.4.99.31,path:map01110
ec:5.4.99.31,path:ec01110
ec:5.4.99.33,path:map01110
ec:5.4.99.33,path:ec01110
ec:5.4.99.35,path:map01110
ec:5.4.99.35,path:ec01110
ec:5.4.99.39,path:map01110
ec:5.4.99.39,path:ec01110
ec:5.4.99.41,path:map01110
ec:5.4.99.41,path:ec01110
ec:5.4.99.5,path:map01110
ec:5.4.99.5,path:ec01110
ec:5.4.99.53,path:map01110
ec:5.4.99.53,path:ec01110
ec:5.4.99.7,path:map01110
ec:5.4.99.7,path:ec01110
ec:5.4.99.8,path:map01110
ec:5.4.99.8,path:ec01110
ec:5.5.1.12,path:map01110
ec:5.5.1.12,path:ec01110
ec:5.5.1.13,path:map01110
ec:5.5.1.13,path:ec01110
ec:5.5.1.14,path:map01110
ec:5.5.1.14,path:ec01110
ec:5.5.1.17,path:map01110
ec:5.5.1.17,path:ec01110
ec:5.5.1.18,path:map01110
ec:5.5.1.18,path:ec01110
ec:5.5.1.19,path:map01110
ec:5.5.1.19,path:ec01110
ec:5.5.1.24,path:map01110
ec:5.5.1.24,path:ec01110
ec:5.5.1.6,path:map01110
ec:5.5.1.6,path:ec01110
ec:5.5.1.8,path:map01110
ec:5.5.1.8,path:ec01110
ec:5.5.1.9,path:map01110
ec:5.5.1.9,path:ec01110
ec:6.1.1.17,path:map01110
ec:6.1.1.17,path:ec01110
ec:6.2.1.1,path:map01110
ec:6.2.1.1,path:ec01110
ec:6.2.1.12,path:map01110
ec:6.2.1.12,path:ec01110
ec:6.2.1.26,path:map01110
ec:6.2.1.26,path:ec01110
ec:6.2.1.32,path:map01110
ec:6.2.1.32,path:ec01110
ec:6.2.1.4,path:map01110
ec:6.2.1.4,path:ec01110
ec:6.2.1.5,path:map01110
ec:6.2.1.5,path:ec01110
ec:6.3.1.1,path:map01110
ec:6.3.1.1,path:ec01110
ec:6.3.2.1,path:map01110
ec:6.3.2.1,path:ec01110
ec:6.3.2.14,path:map01110
ec:6.3.2.14,path:ec01110
ec:6.3.2.6,path:map01110
ec:6.3.2.6,path:ec01110
ec:6.3.3.1,path:map01110
ec:6.3.3.1,path:ec01110
ec:6.3.4.13,path:map01110
ec:6.3.4.13,path:ec01110
ec:6.3.4.18,path:map01110
ec:6.3.4.18,path:ec01110
ec:6.3.4.23,path:map01110
ec:6.3.4.23,path:ec01110
ec:6.3.4.5,path:map01110
ec:6.3.4.5,path:ec01110
ec:6.3.5.3,path:map01110
ec:6.3.5.3,path:ec01110
ec:6.3.5.4,path:map01110
ec:6.3.5.4,path:ec01110
ec:6.4.1.2,path:map01110
ec:6.4.1.2,path:ec01110
ec:6.6.1.1,path:map01110
ec:6.6.1.1,path:ec01110
ec:1.1.1.1,path:map01120
ec:1.1.1.1,path:ec01120
ec:1.1.1.107,path:map01120
ec:1.1.1.107,path:ec01120
ec:1.1.1.122,path:map01120
ec:1.1.1.122,path:ec01120
ec:1.1.1.145,path:map01120
ec:1.1.1.145,path:ec01120
ec:1.1.1.157,path:map01120
ec:1.1.1.157,path:ec01120
ec:1.1.1.173,path:map01120
ec:1.1.1.173,path:ec01120
ec:1.1.1.174,path:map01120
ec:1.1.1.174,path:ec01120
ec:1.1.1.18,path:map01120
ec:1.1.1.18,path:ec01120
ec:1.1.1.2,path:map01120
ec:1.1.1.2,path:ec01120
ec:1.1.1.215,path:map01120
ec:1.1.1.215,path:ec01120
ec:1.1.1.244,path:map01120
ec:1.1.1.244,path:ec01120
ec:1.1.1.245,path:map01120
ec:1.1.1.245,path:ec01120
ec:1.1.1.256,path:map01120
ec:1.1.1.256,path:ec01120
ec:1.1.1.257,path:map01120
ec:1.1.1.257,path:ec01120
ec:1.1.1.258,path:map01120
ec:1.1.1.258,path:ec01120
ec:1.1.1.259,path:map01120
ec:1.1.1.259,path:ec01120
ec:1.1.1.26,path:map01120
ec:1.1.1.26,path:ec01120
ec:1.1.1.27,path:map01120
ec:1.1.1.27,path:ec01120
ec:1.1.1.28,path:map01120
ec:1.1.1.28,path:ec01120
ec:1.1.1.284,path:map01120
ec:1.1.1.284,path:ec01120
ec:1.1.1.286,path:map01120
ec:1.1.1.286,path:ec01120
ec:1.1.1.29,path:map01120
ec:1.1.1.29,path:ec01120
ec:1.1.1.291,path:map01120
ec:1.1.1.291,path:ec01120
ec:1.1.1.298,path:map01120
ec:1.1.1.298,path:ec01120
ec:1.1.1.3,path:map01120
ec:1.1.1.3,path:ec01120
ec:1.1.1.311,path:map01120
ec:1.1.1.311,path:ec01120
ec:1.1.1.328,path:map01120
ec:1.1.1.328,path:ec01120
ec:1.1.1.338,path:map01120
ec:1.1.1.338,path:ec01120
ec:1.1.1.35,path:map01120
ec:1.1.1.35,path:ec01120
ec:1.1.1.350,path:map01120
ec:1.1.1.350,path:ec01120
ec:1.1.1.36,path:map01120
ec:1.1.1.36,path:ec01120
ec:1.1.1.368,path:map01120
ec:1.1.1.368,path:ec01120
ec:1.1.1.369,path:map01120
ec:1.1.1.369,path:ec01120
ec:1.1.1.37,path:map01120
ec:1.1.1.37,path:ec01120
ec:1.1.1.370,path:map01120
ec:1.1.1.370,path:ec01120
ec:1.1.1.371,path:map01120
ec:1.1.1.371,path:ec01120
ec:1.1.1.377,path:map01120
ec:1.1.1.377,path:ec01120
ec:1.1.1.378,path:map01120
ec:1.1.1.378,path:ec01120
ec:1.1.1.39,path:map01120
ec:1.1.1.39,path:ec01120
ec:1.1.1.40,path:map01120
ec:1.1.1.40,path:ec01120
ec:1.1.1.401,path:map01120
ec:1.1.1.401,path:ec01120
ec:1.1.1.404,path:map01120
ec:1.1.1.404,path:ec01120
ec:1.1.1.41,path:map01120
ec:1.1.1.41,path:ec01120
ec:1.1.1.42,path:map01120
ec:1.1.1.42,path:ec01120
ec:1.1.1.43,path:map01120
ec:1.1.1.43,path:ec01120
ec:1.1.1.44,path:map01120
ec:1.1.1.44,path:ec01120
ec:1.1.1.47,path:map01120
ec:1.1.1.47,path:ec01120
ec:1.1.1.491,path:map01120
ec:1.1.1.491,path:ec01120
ec:1.1.1.51,path:map01120
ec:1.1.1.51,path:ec01120
ec:1.1.1.77,path:map01120
ec:1.1.1.77,path:ec01120
ec:1.1.1.79,path:map01120
ec:1.1.1.79,path:ec01120
ec:1.1.1.82,path:map01120
ec:1.1.1.82,path:ec01120
ec:1.1.1.87,path:map01120
ec:1.1.1.87,path:ec01120
ec:1.1.1.90,path:map01120
ec:1.1.1.90,path:ec01120
ec:1.1.1.95,path:map01120
ec:1.1.1.95,path:ec01120
ec:1.1.1.97,path:map01120
ec:1.1.1.97,path:ec01120
ec:1.1.2.7,path:map01120
ec:1.1.2.7,path:ec01120
ec:1.1.2.8,path:map01120
ec:1.1.2.8,path:ec01120
ec:1.1.3.12,path:map01120
ec:1.1.3.12,path:ec01120
ec:1.1.3.13,path:map01120
ec:1.1.3.13,path:ec01120
ec:1.1.3.15,path:map01120
ec:1.1.3.15,path:ec01120
ec:1.1.3.19,path:map01120
ec:1.1.3.19,path:ec01120
ec:1.1.3.38,path:map01120
ec:1.1.3.38,path:ec01120
ec:1.1.3.4,path:map01120
ec:1.1.3.4,path:ec01120
ec:1.1.3.47,path:map01120
ec:1.1.3.47,path:ec01120
ec:1.1.3.5,path:map01120
ec:1.1.3.5,path:ec01120
ec:1.1.3.6,path:map01120
ec:1.1.3.6,path:ec01120
ec:1.1.5.4,path:map01120
ec:1.1.5.4,path:ec01120
ec:1.1.99.14,path:map01120
ec:1.1.99.14,path:ec01120
ec:1.1.99.3,path:map01120
ec:1.1.99.3,path:ec01120
ec:1.1.99.31,path:map01120
ec:1.1.99.31,path:ec01120
ec:1.12.98.1,path:map01120
ec:1.12.98.1,path:ec01120
ec:1.12.98.2,path:map01120
ec:1.12.98.2,path:ec01120
ec:1.12.99.6,path:map01120
ec:1.12.99.6,path:ec01120
ec:1.13.11.1,path:map01120
ec:1.13.11.1,path:ec01120
ec:1.13.11.14,path:map01120
ec:1.13.11.14,path:ec01120
ec:1.13.11.15,path:map01120
ec:1.13.11.15,path:ec01120
ec:1.13.11.16,path:map01120
ec:1.13.11.16,path:ec01120
ec:1.13.11.18,path:map01120
ec:1.13.11.18,path:ec01120
ec:1.13.11.2,path:map01120
ec:1.13.11.2,path:ec01120
ec:1.13.11.25,path:map01120
ec:1.13.11.25,path:ec01120
ec:1.13.11.3,path:map01120
ec:1.13.11.3,path:ec01120
ec:1.13.11.37,path:map01120
ec:1.13.11.37,path:ec01120
ec:1.13.11.38,path:map01120
ec:1.13.11.38,path:ec01120
ec:1.13.11.39,path:map01120
ec:1.13.11.39,path:ec01120
ec:1.13.11.4,path:map01120
ec:1.13.11.4,path:ec01120
ec:1.13.11.41,path:map01120
ec:1.13.11.41,path:ec01120
ec:1.13.11.5,path:map01120
ec:1.13.11.5,path:ec01120
ec:1.13.11.55,path:map01120
ec:1.13.11.55,path:ec01120
ec:1.13.11.56,path:map01120
ec:1.13.11.56,path:ec01120
ec:1.13.11.57,path:map01120
ec:1.13.11.57,path:ec01120
ec:1.13.11.66,path:map01120
ec:1.13.11.66,path:ec01120
ec:1.13.11.74,path:map01120
ec:1.13.11.74,path:ec01120
ec:1.13.11.8,path:map01120
ec:1.13.11.8,path:ec01120
ec:1.13.11.9,path:map01120
ec:1.13.11.9,path:ec01120
ec:1.14.12.1,path:map01120
ec:1.14.12.1,path:ec01120
ec:1.14.12.10,path:map01120
ec:1.14.12.10,path:ec01120
ec:1.14.12.11,path:map01120
ec:1.14.12.11,path:ec01120
ec:1.14.12.12,path:map01120
ec:1.14.12.12,path:ec01120
ec:1.14.12.13,path:map01120
ec:1.14.12.13,path:ec01120
ec:1.14.12.14,path:map01120
ec:1.14.12.14,path:ec01120
ec:1.14.12.15,path:map01120
ec:1.14.12.15,path:ec01120
ec:1.14.12.18,path:map01120
ec:1.14.12.18,path:ec01120
ec:1.14.12.19,path:map01120
ec:1.14.12.19,path:ec01120
ec:1.14.12.22,path:map01120
ec:1.14.12.22,path:ec01120
ec:1.14.12.23,path:map01120
ec:1.14.12.23,path:ec01120
ec:1.14.12.24,path:map01120
ec:1.14.12.24,path:ec01120
ec:1.14.12.25,path:map01120
ec:1.14.12.25,path:ec01120
ec:1.14.12.3,path:map01120
ec:1.14.12.3,path:ec01120
ec:1.14.12.4,path:map01120
ec:1.14.12.4,path:ec01120
ec:1.14.12.7,path:map01120
ec:1.14.12.7,path:ec01120
ec:1.14.12.8,path:map01120
ec:1.14.12.8,path:ec01120
ec:1.14.12.9,path:map01120
ec:1.14.12.9,path:ec01120
ec:1.14.13.1,path:map01120
ec:1.14.13.1,path:ec01120
ec:1.14.13.10,path:map01120
ec:1.14.13.10,path:ec01120
ec:1.14.13.113,path:map01120
ec:1.14.13.113,path:ec01120
ec:1.14.13.114,path:map01120
ec:1.14.13.114,path:ec01120
ec:1.14.13.12,path:map01120
ec:1.14.13.12,path:ec01120
ec:1.14.13.127,path:map01120
ec:1.14.13.127,path:ec01120
ec:1.14.13.128,path:map01120
ec:1.14.13.128,path:ec01120
ec:1.14.13.14,path:map01120
ec:1.14.13.14,path:ec01120
ec:1.14.13.141,path:map01120
ec:1.14.13.141,path:ec01120
ec:1.14.13.142,path:map01120
ec:1.14.13.142,path:ec01120
ec:1.14.13.149,path:map01120
ec:1.14.13.149,path:ec01120
ec:1.14.13.163,path:map01120
ec:1.14.13.163,path:ec01120
ec:1.14.13.167,path:map01120
ec:1.14.13.167,path:ec01120
ec:1.14.13.172,path:map01120
ec:1.14.13.172,path:ec01120
ec:1.14.13.178,path:map01120
ec:1.14.13.178,path:ec01120
ec:1.14.13.179,path:map01120
ec:1.14.13.179,path:ec01120
ec:1.14.13.18,path:map01120
ec:1.14.13.18,path:ec01120
ec:1.14.13.2,path:map01120
ec:1.14.13.2,path:ec01120
ec:1.14.13.20,path:map01120
ec:1.14.13.20,path:ec01120
ec:1.14.13.210,path:map01120
ec:1.14.13.210,path:ec01120
ec:1.14.13.219,path:map01120
ec:1.14.13.219,path:ec01120
ec:1.14.13.22,path:map01120
ec:1.14.13.22,path:ec01120
ec:1.14.13.220,path:map01120
ec:1.14.13.220,path:ec01120
ec:1.14.13.221,path:map01120
ec:1.14.13.221,path:ec01120
ec:1.14.13.23,path:map01120
ec:1.14.13.23,path:ec01120
ec:1.14.13.230,path:map01120
ec:1.14.13.230,path:ec01120
ec:1.14.13.236,path:map01120
ec:1.14.13.236,path:ec01120
ec:1.14.13.24,path:map01120
ec:1.14.13.24,path:ec01120
ec:1.14.13.25,path:map01120
ec:1.14.13.25,path:ec01120
ec:1.14.13.27,path:map01120
ec:1.14.13.27,path:ec01120
ec:1.14.13.29,path:map01120
ec:1.14.13.29,path:ec01120
ec:1.14.13.33,path:map01120
ec:1.14.13.33,path:ec01120
ec:1.14.13.4,path:map01120
ec:1.14.13.4,path:ec01120
ec:1.14.13.40,path:map01120
ec:1.14.13.40,path:ec01120
ec:1.14.13.50,path:map01120
ec:1.14.13.50,path:ec01120
ec:1.14.13.59,path:map01120
ec:1.14.13.59,path:ec01120
ec:1.14.13.63,path:map01120
ec:1.14.13.63,path:ec01120
ec:1.14.13.64,path:map01120
ec:1.14.13.64,path:ec01120
ec:1.14.13.69,path:map01120
ec:1.14.13.69,path:ec01120
ec:1.14.13.7,path:map01120
ec:1.14.13.7,path:ec01120
ec:1.14.13.8,path:map01120
ec:1.14.13.8,path:ec01120
ec:1.14.13.82,path:map01120
ec:1.14.13.82,path:ec01120
ec:1.14.13.84,path:map01120
ec:1.14.13.84,path:ec01120
ec:1.14.14.1,path:map01120
ec:1.14.14.1,path:ec01120
ec:1.14.14.11,path:map01120
ec:1.14.14.11,path:ec01120
ec:1.14.14.12,path:map01120
ec:1.14.14.12,path:ec01120
ec:1.14.14.27,path:map01120
ec:1.14.14.27,path:ec01120
ec:1.14.14.54,path:map01120
ec:1.14.14.54,path:ec01120
ec:1.14.14.9,path:map01120
ec:1.14.14.9,path:ec01120
ec:1.14.16.6,path:map01120
ec:1.14.16.6,path:ec01120
ec:1.14.99.23,path:map01120
ec:1.14.99.23,path:ec01120
ec:1.14.99.39,path:map01120
ec:1.14.99.39,path:ec01120
ec:1.17.1.10,path:map01120
ec:1.17.1.10,path:ec01120
ec:1.17.1.4,path:map01120
ec:1.17.1.4,path:ec01120
ec:1.17.1.5,path:map01120
ec:1.17.1.5,path:ec01120
ec:1.17.1.8,path:map01120
ec:1.17.1.8,path:ec01120
ec:1.17.1.9,path:map01120
ec:1.17.1.9,path:ec01120
ec:1.17.2.1,path:map01120
ec:1.17.2.1,path:ec01120
ec:1.17.5.2,path:map01120
ec:1.17.5.2,path:ec01120
ec:1.17.99.1,path:map01120
ec:1.17.99.1,path:ec01120
ec:1.17.99.2,path:map01120
ec:1.17.99.2,path:ec01120
ec:1.18.6.1,path:map01120
ec:1.18.6.1,path:ec01120
ec:1.19.6.1,path:map01120
ec:1.19.6.1,path:ec01120
ec:1.2.1.10,path:map01120
ec:1.2.1.10,path:ec01120
ec:1.2.1.11,path:map01120
ec:1.2.1.11,path:ec01120
ec:1.2.1.12,path:map01120
ec:1.2.1.12,path:ec01120
ec:1.2.1.13,path:map01120
ec:1.2.1.13,path:ec01120
ec:1.2.1.16,path:map01120
ec:1.2.1.16,path:ec01120
ec:1.2.1.21,path:map01120
ec:1.2.1.21,path:ec01120
ec:1.2.1.22,path:map01120
ec:1.2.1.22,path:ec01120
ec:1.2.1.28,path:map01120
ec:1.2.1.28,path:ec01120
ec:1.2.1.29,path:map01120
ec:1.2.1.29,path:ec01120
ec:1.2.1.3,path:map01120
ec:1.2.1.3,path:ec01120
ec:1.2.1.39,path:map01120
ec:1.2.1.39,path:ec01120
ec:1.2.1.4,path:map01120
ec:1.2.1.4,path:ec01120
ec:1.2.1.46,path:map01120
ec:1.2.1.46,path:ec01120
ec:1.2.1.5,path:map01120
ec:1.2.1.5,path:ec01120
ec:1.2.1.59,path:map01120
ec:1.2.1.59,path:ec01120
ec:1.2.1.60,path:map01120
ec:1.2.1.60,path:ec01120
ec:1.2.1.61,path:map01120
ec:1.2.1.61,path:ec01120
ec:1.2.1.62,path:map01120
ec:1.2.1.62,path:ec01120
ec:1.2.1.63,path:map01120
ec:1.2.1.63,path:ec01120
ec:1.2.1.64,path:map01120
ec:1.2.1.64,path:ec01120
ec:1.2.1.65,path:map01120
ec:1.2.1.65,path:ec01120
ec:1.2.1.67,path:map01120
ec:1.2.1.67,path:ec01120
ec:1.2.1.7,path:map01120
ec:1.2.1.7,path:ec01120
ec:1.2.1.70,path:map01120
ec:1.2.1.70,path:ec01120
ec:1.2.1.76,path:map01120
ec:1.2.1.76,path:ec01120
ec:1.2.1.78,path:map01120
ec:1.2.1.78,path:ec01120
ec:1.2.1.83,path:map01120
ec:1.2.1.83,path:ec01120
ec:1.2.1.85,path:map01120
ec:1.2.1.85,path:ec01120
ec:1.2.1.87,path:map01120
ec:1.2.1.87,path:ec01120
ec:1.2.1.89,path:map01120
ec:1.2.1.89,path:ec01120
ec:1.2.1.9,path:map01120
ec:1.2.1.9,path:ec01120
ec:1.2.1.90,path:map01120
ec:1.2.1.90,path:ec01120
ec:1.2.1.91,path:map01120
ec:1.2.1.91,path:ec01120
ec:1.2.1.96,path:map01120
ec:1.2.1.96,path:ec01120
ec:1.2.3.1,path:map01120
ec:1.2.3.1,path:ec01120
ec:1.2.3.8,path:map01120
ec:1.2.3.8,path:ec01120
ec:1.2.4.1,path:map01120
ec:1.2.4.1,path:ec01120
ec:1.2.4.2,path:map01120
ec:1.2.4.2,path:ec01120
ec:1.2.7.1,path:map01120
ec:1.2.7.1,path:ec01120
ec:1.2.7.11,path:map01120
ec:1.2.7.11,path:ec01120
ec:1.2.7.12,path:map01120
ec:1.2.7.12,path:ec01120
ec:1.2.7.3,path:map01120
ec:1.2.7.3,path:ec01120
ec:1.2.7.4,path:map01120
ec:1.2.7.4,path:ec01120
ec:1.2.7.5,path:map01120
ec:1.2.7.5,path:ec01120
ec:1.2.7.6,path:map01120
ec:1.2.7.6,path:ec01120
ec:1.2.98.1,path:map01120
ec:1.2.98.1,path:ec01120
ec:1.2.99.8,path:map01120
ec:1.2.99.8,path:ec01120
ec:1.21.1.2,path:map01120
ec:1.21.1.2,path:ec01120
ec:1.21.99.5,path:map01120
ec:1.21.99.5,path:ec01120
ec:1.3.1.11,path:map01120
ec:1.3.1.11,path:ec01120
ec:1.3.1.19,path:map01120
ec:1.3.1.19,path:ec01120
ec:1.3.1.25,path:map01120
ec:1.3.1.25,path:ec01120
ec:1.3.1.29,path:map01120
ec:1.3.1.29,path:ec01120
ec:1.3.1.31,path:map01120
ec:1.3.1.31,path:ec01120
ec:1.3.1.32,path:map01120
ec:1.3.1.32,path:ec01120
ec:1.3.1.44,path:map01120
ec:1.3.1.44,path:ec01120
ec:1.3.1.49,path:map01120
ec:1.3.1.49,path:ec01120
ec:1.3.1.53,path:map01120
ec:1.3.1.53,path:ec01120
ec:1.3.1.56,path:map01120
ec:1.3.1.56,path:ec01120
ec:1.3.1.57,path:map01120
ec:1.3.1.57,path:ec01120
ec:1.3.1.58,path:map01120
ec:1.3.1.58,path:ec01120
ec:1.3.1.6,path:map01120
ec:1.3.1.6,path:ec01120
ec:1.3.1.62,path:map01120
ec:1.3.1.62,path:ec01120
ec:1.3.1.64,path:map01120
ec:1.3.1.64,path:ec01120
ec:1.3.1.66,path:map01120
ec:1.3.1.66,path:ec01120
ec:1.3.1.67,path:map01120
ec:1.3.1.67,path:ec01120
ec:1.3.1.68,path:map01120
ec:1.3.1.68,path:ec01120
ec:1.3.1.76,path:map01120
ec:1.3.1.76,path:ec01120
ec:1.3.1.84,path:map01120
ec:1.3.1.84,path:ec01120
ec:1.3.1.85,path:map01120
ec:1.3.1.85,path:ec01120
ec:1.3.1.86,path:map01120
ec:1.3.1.86,path:ec01120
ec:1.3.1.87,path:map01120
ec:1.3.1.87,path:ec01120
ec:1.3.4.1,path:map01120
ec:1.3.4.1,path:ec01120
ec:1.3.5.1,path:map01120
ec:1.3.5.1,path:ec01120
ec:1.3.5.4,path:map01120
ec:1.3.5.4,path:ec01120
ec:1.3.7.1,path:map01120
ec:1.3.7.1,path:ec01120
ec:1.3.7.8,path:map01120
ec:1.3.7.8,path:ec01120
ec:1.3.7.9,path:map01120
ec:1.3.7.9,path:ec01120
ec:1.3.8.1,path:map01120
ec:1.3.8.1,path:ec01120
ec:1.3.8.10,path:map01120
ec:1.3.8.10,path:ec01120
ec:1.3.8.11,path:map01120
ec:1.3.8.11,path:ec01120
ec:1.3.8.12,path:map01120
ec:1.3.8.12,path:ec01120
ec:1.3.8.3,path:map01120
ec:1.3.8.3,path:ec01120
ec:1.3.8.6,path:map01120
ec:1.3.8.6,path:ec01120
ec:1.3.99.32,path:map01120
ec:1.3.99.32,path:ec01120
ec:1.3.99.4,path:map01120
ec:1.3.99.4,path:ec01120
ec:1.3.99.5,path:map01120
ec:1.3.99.5,path:ec01120
ec:1.3.99.8,path:map01120
ec:1.3.99.8,path:ec01120
ec:1.4.1.13,path:map01120
ec:1.4.1.13,path:ec01120
ec:1.4.1.14,path:map01120
ec:1.4.1.14,path:ec01120
ec:1.4.3.12,path:map01120
ec:1.4.3.12,path:ec01120
ec:1.4.3.24,path:map01120
ec:1.4.3.24,path:ec01120
ec:1.4.3.5,path:map01120
ec:1.4.3.5,path:ec01120
ec:1.4.7.1,path:map01120
ec:1.4.7.1,path:ec01120
ec:1.4.9.1,path:map01120
ec:1.4.9.1,path:ec01120
ec:1.5.1.20,path:map01120
ec:1.5.1.20,path:ec01120
ec:1.5.1.37,path:map01120
ec:1.5.1.37,path:ec01120
ec:1.5.1.5,path:map01120
ec:1.5.1.5,path:ec01120
ec:1.5.3.19,path:map01120
ec:1.5.3.19,path:ec01120
ec:1.5.3.21,path:map01120
ec:1.5.3.21,path:ec01120
ec:1.5.3.5,path:map01120
ec:1.5.3.5,path:ec01120
ec:1.5.3.6,path:map01120
ec:1.5.3.6,path:ec01120
ec:1.5.8.1,path:map01120
ec:1.5.8.1,path:ec01120
ec:1.5.8.2,path:map01120
ec:1.5.8.2,path:ec01120
ec:1.5.98.1,path:map01120
ec:1.5.98.1,path:ec01120
ec:1.5.98.2,path:map01120
ec:1.5.98.2,path:ec01120
ec:1.5.99.14,path:map01120
ec:1.5.99.14,path:ec01120
ec:1.5.99.4,path:map01120
ec:1.5.99.4,path:ec01120
ec:1.5.99.5,path:map01120
ec:1.5.99.5,path:ec01120
ec:1.6.5.6,path:map01120
ec:1.6.5.6,path:ec01120
ec:1.6.5.7,path:map01120
ec:1.6.5.7,path:ec01120
ec:1.6.6.9,path:map01120
ec:1.6.6.9,path:ec01120
ec:1.7.1.1,path:map01120
ec:1.7.1.1,path:ec01120
ec:1.7.1.14,path:map01120
ec:1.7.1.14,path:ec01120
ec:1.7.1.15,path:map01120
ec:1.7.1.15,path:ec01120
ec:1.7.1.16,path:map01120
ec:1.7.1.16,path:ec01120
ec:1.7.1.2,path:map01120
ec:1.7.1.2,path:ec01120
ec:1.7.1.3,path:map01120
ec:1.7.1.3,path:ec01120
ec:1.7.2.1,path:map01120
ec:1.7.2.1,path:ec01120
ec:1.7.2.2,path:map01120
ec:1.7.2.2,path:ec01120
ec:1.7.2.4,path:map01120
ec:1.7.2.4,path:ec01120
ec:1.7.2.5,path:map01120
ec:1.7.2.5,path:ec01120
ec:1.7.2.6,path:map01120
ec:1.7.2.6,path:ec01120
ec:1.7.2.7,path:map01120
ec:1.7.2.7,path:ec01120
ec:1.7.2.8,path:map01120
ec:1.7.2.8,path:ec01120
ec:1.7.3.3,path:map01120
ec:1.7.3.3,path:ec01120
ec:1.7.5.1,path:map01120
ec:1.7.5.1,path:ec01120
ec:1.7.7.1,path:map01120
ec:1.7.7.1,path:ec01120
ec:1.7.7.2,path:map01120
ec:1.7.7.2,path:ec01120
ec:1.8.1.2,path:map01120
ec:1.8.1.2,path:ec01120
ec:1.8.1.4,path:map01120
ec:1.8.1.4,path:ec01120
ec:1.8.2.1,path:map01120
ec:1.8.2.1,path:ec01120
ec:1.8.2.3,path:map01120
ec:1.8.2.3,path:ec01120
ec:1.8.3.1,path:map01120
ec:1.8.3.1,path:ec01120
ec:1.8.4.8,path:map01120
ec:1.8.4.8,path:ec01120
ec:1.8.4.9,path:map01120
ec:1.8.4.9,path:ec01120
ec:1.8.5.2,path:map01120
ec:1.8.5.2,path:ec01120
ec:1.8.5.5,path:map01120
ec:1.8.5.5,path:ec01120
ec:1.8.5.6,path:map01120
ec:1.8.5.6,path:ec01120
ec:1.8.7.1,path:map01120
ec:1.8.7.1,path:ec01120
ec:1.8.98.1,path:map01120
ec:1.8.98.1,path:ec01120
ec:1.8.99.2,path:map01120
ec:1.8.99.2,path:ec01120
ec:1.8.99.5,path:map01120
ec:1.8.99.5,path:ec01120
ec:1.97.1.2,path:map01120
ec:1.97.1.2,path:ec01120
ec:2.1.1.107,path:map01120
ec:2.1.1.107,path:ec01120
ec:2.1.1.21,path:map01120
ec:2.1.1.21,path:ec01120
ec:2.1.1.246,path:map01120
ec:2.1.1.246,path:ec01120
ec:2.1.1.247,path:map01120
ec:2.1.1.247,path:ec01120
ec:2.1.1.248,path:map01120
ec:2.1.1.248,path:ec01120
ec:2.1.1.249,path:map01120
ec:2.1.1.249,path:ec01120
ec:2.1.1.250,path:map01120
ec:2.1.1.250,path:ec01120
ec:2.1.1.258,path:map01120
ec:2.1.1.258,path:ec01120
ec:2.1.1.341,path:map01120
ec:2.1.1.341,path:ec01120
ec:2.1.1.86,path:map01120
ec:2.1.1.86,path:ec01120
ec:2.1.1.90,path:map01120
ec:2.1.1.90,path:ec01120
ec:2.1.2.1,path:map01120
ec:2.1.2.1,path:ec01120
ec:2.1.3.5,path:map01120
ec:2.1.3.5,path:ec01120
ec:2.2.1.1,path:map01120
ec:2.2.1.1,path:ec01120
ec:2.2.1.2,path:map01120
ec:2.2.1.2,path:ec01120
ec:2.2.1.3,path:map01120
ec:2.2.1.3,path:ec01120
ec:2.3.1.101,path:map01120
ec:2.3.1.101,path:ec01120
ec:2.3.1.102,path:map01120
ec:2.3.1.102,path:ec01120
ec:2.3.1.117,path:map01120
ec:2.3.1.117,path:ec01120
ec:2.3.1.12,path:map01120
ec:2.3.1.12,path:ec01120
ec:2.3.1.16,path:map01120
ec:2.3.1.16,path:ec01120
ec:2.3.1.169,path:map01120
ec:2.3.1.169,path:ec01120
ec:2.3.1.174,path:map01120
ec:2.3.1.174,path:ec01120
ec:2.3.1.178,path:map01120
ec:2.3.1.178,path:ec01120
ec:2.3.1.223,path:map01120
ec:2.3.1.223,path:ec01120
ec:2.3.1.30,path:map01120
ec:2.3.1.30,path:ec01120
ec:2.3.1.47,path:map01120
ec:2.3.1.47,path:ec01120
ec:2.3.1.5,path:map01120
ec:2.3.1.5,path:ec01120
ec:2.3.1.54,path:map01120
ec:2.3.1.54,path:ec01120
ec:2.3.1.61,path:map01120
ec:2.3.1.61,path:ec01120
ec:2.3.1.8,path:map01120
ec:2.3.1.8,path:ec01120
ec:2.3.1.9,path:map01120
ec:2.3.1.9,path:ec01120
ec:2.3.3.1,path:map01120
ec:2.3.3.1,path:ec01120
ec:2.3.3.14,path:map01120
ec:2.3.3.14,path:ec01120
ec:2.3.3.8,path:map01120
ec:2.3.3.8,path:ec01120
ec:2.3.3.9,path:map01120
ec:2.3.3.9,path:ec01120
ec:2.5.1.61,path:map01120
ec:2.5.1.61,path:ec01120
ec:2.5.1.65,path:map01120
ec:2.5.1.65,path:ec01120
ec:2.5.1.77,path:map01120
ec:2.5.1.77,path:ec01120
ec:2.6.1.1,path:map01120
ec:2.6.1.1,path:ec01120
ec:2.6.1.17,path:map01120
ec:2.6.1.17,path:ec01120
ec:2.6.1.19,path:map01120
ec:2.6.1.19,path:ec01120
ec:2.6.1.2,path:map01120
ec:2.6.1.2,path:ec01120
ec:2.6.1.30,path:map01120
ec:2.6.1.30,path:ec01120
ec:2.6.1.31,path:map01120
ec:2.6.1.31,path:ec01120
ec:2.6.1.37,path:map01120
ec:2.6.1.37,path:ec01120
ec:2.6.1.45,path:map01120
ec:2.6.1.45,path:ec01120
ec:2.6.1.52,path:map01120
ec:2.6.1.52,path:ec01120
ec:2.6.1.54,path:map01120
ec:2.6.1.54,path:ec01120
ec:2.6.1.76,path:map01120
ec:2.6.1.76,path:ec01120
ec:2.6.1.96,path:map01120
ec:2.6.1.96,path:ec01120
ec:2.7.1.1,path:map01120
ec:2.7.1.1,path:ec01120
ec:2.7.1.11,path:map01120
ec:2.7.1.11,path:ec01120
ec:2.7.1.12,path:map01120
ec:2.7.1.12,path:ec01120
ec:2.7.1.13,path:map01120
ec:2.7.1.13,path:ec01120
ec:2.7.1.146,path:map01120
ec:2.7.1.146,path:ec01120
ec:2.7.1.147,path:map01120
ec:2.7.1.147,path:ec01120
ec:2.7.1.165,path:map01120
ec:2.7.1.165,path:ec01120
ec:2.7.1.19,path:map01120
ec:2.7.1.19,path:ec01120
ec:2.7.1.194,path:map01120
ec:2.7.1.194,path:ec01120
ec:2.7.1.2,path:map01120
ec:2.7.1.2,path:ec01120
ec:2.7.1.202,path:map01120
ec:2.7.1.202,path:ec01120
ec:2.7.1.203,path:map01120
ec:2.7.1.203,path:ec01120
ec:2.7.1.25,path:map01120
ec:2.7.1.25,path:ec01120
ec:2.7.1.29,path:map01120
ec:2.7.1.29,path:ec01120
ec:2.7.1.3,path:map01120
ec:2.7.1.3,path:ec01120
ec:2.7.1.39,path:map01120
ec:2.7.1.39,path:ec01120
ec:2.7.1.40,path:map01120
ec:2.7.1.40,path:ec01120
ec:2.7.1.45,path:map01120
ec:2.7.1.45,path:ec01120
ec:2.7.1.5,path:map01120
ec:2.7.1.5,path:ec01120
ec:2.7.1.51,path:map01120
ec:2.7.1.51,path:ec01120
ec:2.7.1.55,path:map01120
ec:2.7.1.55,path:ec01120
ec:2.7.1.63,path:map01120
ec:2.7.1.63,path:ec01120
ec:2.7.1.7,path:map01120
ec:2.7.1.7,path:ec01120
ec:2.7.1.90,path:map01120
ec:2.7.1.90,path:ec01120
ec:2.7.1.92,path:map01120
ec:2.7.1.92,path:ec01120
ec:2.7.2.1,path:map01120
ec:2.7.2.1,path:ec01120
ec:2.7.2.2,path:map01120
ec:2.7.2.2,path:ec01120
ec:2.7.2.3,path:map01120
ec:2.7.2.3,path:ec01120
ec:2.7.2.4,path:map01120
ec:2.7.2.4,path:ec01120
ec:2.7.6.1,path:map01120
ec:2.7.6.1,path:ec01120
ec:2.7.7.4,path:map01120
ec:2.7.7.4,path:ec01120
ec:2.7.7.68,path:map01120
ec:2.7.7.68,path:ec01120
ec:2.7.8.28,path:map01120
ec:2.7.8.28,path:ec01120
ec:2.7.9.1,path:map01120
ec:2.7.9.1,path:ec01120
ec:2.7.9.2,path:map01120
ec:2.7.9.2,path:ec01120
ec:2.8.1.1,path:map01120
ec:2.8.1.1,path:ec01120
ec:2.8.1.5,path:map01120
ec:2.8.1.5,path:ec01120
ec:2.8.3.1,path:map01120
ec:2.8.3.1,path:ec01120
ec:2.8.3.12,path:map01120
ec:2.8.3.12,path:ec01120
ec:2.8.3.15,path:map01120
ec:2.8.3.15,path:ec01120
ec:2.8.3.18,path:map01120
ec:2.8.3.18,path:ec01120
ec:2.8.3.22,path:map01120
ec:2.8.3.22,path:ec01120
ec:2.8.3.6,path:map01120
ec:2.8.3.6,path:ec01120
ec:2.8.3.8,path:map01120
ec:2.8.3.8,path:ec01120
ec:2.8.4.1,path:map01120
ec:2.8.4.1,path:ec01120
ec:3.1.1.17,path:map01120
ec:3.1.1.17,path:ec01120
ec:3.1.1.2,path:map01120
ec:3.1.1.2,path:ec01120
ec:3.1.1.24,path:map01120
ec:3.1.1.24,path:ec01120
ec:3.1.1.27,path:map01120
ec:3.1.1.27,path:ec01120
ec:3.1.1.31,path:map01120
ec:3.1.1.31,path:ec01120
ec:3.1.1.35,path:map01120
ec:3.1.1.35,path:ec01120
ec:3.1.1.45,path:map01120
ec:3.1.1.45,path:ec01120
ec:3.1.1.57,path:map01120
ec:3.1.1.57,path:ec01120
ec:3.1.1.65,path:map01120
ec:3.1.1.65,path:ec01120
ec:3.1.1.92,path:map01120
ec:3.1.1.92,path:ec01120
ec:3.1.2.12,path:map01120
ec:3.1.2.12,path:ec01120
ec:3.1.2.23,path:map01120
ec:3.1.2.23,path:ec01120
ec:3.1.2.30,path:map01120
ec:3.1.2.30,path:ec01120
ec:3.1.3.10,path:map01120
ec:3.1.3.10,path:ec01120
ec:3.1.3.11,path:map01120
ec:3.1.3.11,path:ec01120
ec:3.1.3.3,path:map01120
ec:3.1.3.3,path:ec01120
ec:3.1.3.37,path:map01120
ec:3.1.3.37,path:ec01120
ec:3.1.3.41,path:map01120
ec:3.1.3.41,path:ec01120
ec:3.1.3.7,path:map01120
ec:3.1.3.7,path:ec01120
ec:3.1.3.71,path:map01120
ec:3.1.3.71,path:ec01120
ec:3.1.8.1,path:map01120
ec:3.1.8.1,path:ec01120
ec:3.10.1.2,path:map01120
ec:3.10.1.2,path:ec01120
ec:3.11.1.1,path:map01120
ec:3.11.1.1,path:ec01120
ec:3.11.1.2,path:map01120
ec:3.11.1.2,path:ec01120
ec:3.12.1.1,path:map01120
ec:3.12.1.1,path:ec01120
ec:3.3.2.10,path:map01120
ec:3.3.2.10,path:ec01120
ec:3.3.2.12,path:map01120
ec:3.3.2.12,path:ec01120
ec:3.5.1.106,path:map01120
ec:3.5.1.106,path:ec01120
ec:3.5.1.107,path:map01120
ec:3.5.1.107,path:ec01120
ec:3.5.1.116,path:map01120
ec:3.5.1.116,path:ec01120
ec:3.5.1.117,path:map01120
ec:3.5.1.117,path:ec01120
ec:3.5.1.18,path:map01120
ec:3.5.1.18,path:ec01120
ec:3.5.1.29,path:map01120
ec:3.5.1.29,path:ec01120
ec:3.5.1.4,path:map01120
ec:3.5.1.4,path:ec01120
ec:3.5.1.46,path:map01120
ec:3.5.1.46,path:ec01120
ec:3.5.1.5,path:map01120
ec:3.5.1.5,path:ec01120
ec:3.5.1.54,path:map01120
ec:3.5.1.54,path:ec01120
ec:3.5.1.84,path:map01120
ec:3.5.1.84,path:ec01120
ec:3.5.1.86,path:map01120
ec:3.5.1.86,path:ec01120
ec:3.5.2.12,path:map01120
ec:3.5.2.12,path:ec01120
ec:3.5.2.15,path:map01120
ec:3.5.2.15,path:ec01120
ec:3.5.2.17,path:map01120
ec:3.5.2.17,path:ec01120
ec:3.5.2.18,path:map01120
ec:3.5.2.18,path:ec01120
ec:3.5.2.5,path:map01120
ec:3.5.2.5,path:ec01120
ec:3.5.3.26,path:map01120
ec:3.5.3.26,path:ec01120
ec:3.5.3.4,path:map01120
ec:3.5.3.4,path:ec01120
ec:3.5.3.9,path:map01120
ec:3.5.3.9,path:ec01120
ec:3.5.4.27,path:map01120
ec:3.5.4.27,path:ec01120
ec:3.5.4.42,path:map01120
ec:3.5.4.42,path:ec01120
ec:3.5.4.43,path:map01120
ec:3.5.4.43,path:ec01120
ec:3.5.4.45,path:map01120
ec:3.5.4.45,path:ec01120
ec:3.5.4.9,path:map01120
ec:3.5.4.9,path:ec01120
ec:3.5.5.1,path:map01120
ec:3.5.5.1,path:ec01120
ec:3.5.5.6,path:map01120
ec:3.5.5.6,path:ec01120
ec:3.5.5.7,path:map01120
ec:3.5.5.7,path:ec01120
ec:3.6.1.7,path:map01120
ec:3.6.1.7,path:ec01120
ec:3.7.1.11,path:map01120
ec:3.7.1.11,path:ec01120
ec:3.7.1.13,path:map01120
ec:3.7.1.13,path:ec01120
ec:3.7.1.14,path:map01120
ec:3.7.1.14,path:ec01120
ec:3.7.1.19,path:map01120
ec:3.7.1.19,path:ec01120
ec:3.7.1.2,path:map01120
ec:3.7.1.2,path:ec01120
ec:3.7.1.20,path:map01120
ec:3.7.1.20,path:ec01120
ec:3.7.1.21,path:map01120
ec:3.7.1.21,path:ec01120
ec:3.7.1.22,path:map01120
ec:3.7.1.22,path:ec01120
ec:3.7.1.5,path:map01120
ec:3.7.1.5,path:ec01120
ec:3.7.1.8,path:map01120
ec:3.7.1.8,path:ec01120
ec:3.7.1.9,path:map01120
ec:3.7.1.9,path:ec01120
ec:3.8.1.2,path:map01120
ec:3.8.1.2,path:ec01120
ec:3.8.1.3,path:map01120
ec:3.8.1.3,path:ec01120
ec:3.8.1.5,path:map01120
ec:3.8.1.5,path:ec01120
ec:3.8.1.7,path:map01120
ec:3.8.1.7,path:ec01120
ec:3.8.1.8,path:map01120
ec:3.8.1.8,path:ec01120
ec:4.1.1.101,path:map01120
ec:4.1.1.101,path:ec01120
ec:4.1.1.103,path:map01120
ec:4.1.1.103,path:ec01120
ec:4.1.1.15,path:map01120
ec:4.1.1.15,path:ec01120
ec:4.1.1.20,path:map01120
ec:4.1.1.20,path:ec01120
ec:4.1.1.31,path:map01120
ec:4.1.1.31,path:ec01120
ec:4.1.1.32,path:map01120
ec:4.1.1.32,path:ec01120
ec:4.1.1.39,path:map01120
ec:4.1.1.39,path:ec01120
ec:4.1.1.44,path:map01120
ec:4.1.1.44,path:ec01120
ec:4.1.1.46,path:map01120
ec:4.1.1.46,path:ec01120
ec:4.1.1.49,path:map01120
ec:4.1.1.49,path:ec01120
ec:4.1.1.51,path:map01120
ec:4.1.1.51,path:ec01120
ec:4.1.1.55,path:map01120
ec:4.1.1.55,path:ec01120
ec:4.1.1.59,path:map01120
ec:4.1.1.59,path:ec01120
ec:4.1.1.61,path:map01120
ec:4.1.1.61,path:ec01120
ec:4.1.1.62,path:map01120
ec:4.1.1.62,path:ec01120
ec:4.1.1.68,path:map01120
ec:4.1.1.68,path:ec01120
ec:4.1.1.69,path:map01120
ec:4.1.1.69,path:ec01120
ec:4.1.1.7,path:map01120
ec:4.1.1.7,path:ec01120
ec:4.1.1.70,path:map01120
ec:4.1.1.70,path:ec01120
ec:4.1.1.77,path:map01120
ec:4.1.1.77,path:ec01120
ec:4.1.1.79,path:map01120
ec:4.1.1.79,path:ec01120
ec:4.1.1.82,path:map01120
ec:4.1.1.82,path:ec01120
ec:4.1.1.85,path:map01120
ec:4.1.1.85,path:ec01120
ec:4.1.1.86,path:map01120
ec:4.1.1.86,path:ec01120
ec:4.1.1.97,path:map01120
ec:4.1.1.97,path:ec01120
ec:4.1.2.13,path:map01120
ec:4.1.2.13,path:ec01120
ec:4.1.2.14,path:map01120
ec:4.1.2.14,path:ec01120
ec:4.1.2.17,path:map01120
ec:4.1.2.17,path:ec01120
ec:4.1.2.19,path:map01120
ec:4.1.2.19,path:ec01120
ec:4.1.2.22,path:map01120
ec:4.1.2.22,path:ec01120
ec:4.1.2.29,path:map01120
ec:4.1.2.29,path:ec01120
ec:4.1.2.32,path:map01120
ec:4.1.2.32,path:ec01120
ec:4.1.2.34,path:map01120
ec:4.1.2.34,path:ec01120
ec:4.1.2.43,path:map01120
ec:4.1.2.43,path:ec01120
ec:4.1.2.45,path:map01120
ec:4.1.2.45,path:ec01120
ec:4.1.2.48,path:map01120
ec:4.1.2.48,path:ec01120
ec:4.1.2.51,path:map01120
ec:4.1.2.51,path:ec01120
ec:4.1.2.52,path:map01120
ec:4.1.2.52,path:ec01120
ec:4.1.2.53,path:map01120
ec:4.1.2.53,path:ec01120
ec:4.1.2.55,path:map01120
ec:4.1.2.55,path:ec01120
ec:4.1.3.1,path:map01120
ec:4.1.3.1,path:ec01120
ec:4.1.3.17,path:map01120
ec:4.1.3.17,path:ec01120
ec:4.1.3.24,path:map01120
ec:4.1.3.24,path:ec01120
ec:4.1.3.25,path:map01120
ec:4.1.3.25,path:ec01120
ec:4.1.3.32,path:map01120
ec:4.1.3.32,path:ec01120
ec:4.1.3.34,path:map01120
ec:4.1.3.34,path:ec01120
ec:4.1.3.39,path:map01120
ec:4.1.3.39,path:ec01120
ec:4.1.3.43,path:map01120
ec:4.1.3.43,path:ec01120
ec:4.1.99.11,path:map01120
ec:4.1.99.11,path:ec01120
ec:4.2.1.100,path:map01120
ec:4.2.1.100,path:ec01120
ec:4.2.1.103,path:map01120
ec:4.2.1.103,path:ec01120
ec:4.2.1.108,path:map01120
ec:4.2.1.108,path:ec01120
ec:4.2.1.11,path:map01120
ec:4.2.1.11,path:ec01120
ec:4.2.1.112,path:map01120
ec:4.2.1.112,path:ec01120
ec:4.2.1.114,path:map01120
ec:4.2.1.114,path:ec01120
ec:4.2.1.116,path:map01120
ec:4.2.1.116,path:ec01120
ec:4.2.1.12,path:map01120
ec:4.2.1.12,path:ec01120
ec:4.2.1.120,path:map01120
ec:4.2.1.120,path:ec01120
ec:4.2.1.130,path:map01120
ec:4.2.1.130,path:ec01120
ec:4.2.1.132,path:map01120
ec:4.2.1.132,path:ec01120
ec:4.2.1.140,path:map01120
ec:4.2.1.140,path:ec01120
ec:4.2.1.147,path:map01120
ec:4.2.1.147,path:ec01120
ec:4.2.1.148,path:map01120
ec:4.2.1.148,path:ec01120
ec:4.2.1.153,path:map01120
ec:4.2.1.153,path:ec01120
ec:4.2.1.17,path:map01120
ec:4.2.1.17,path:ec01120
ec:4.2.1.2,path:map01120
ec:4.2.1.2,path:ec01120
ec:4.2.1.24,path:map01120
ec:4.2.1.24,path:ec01120
ec:4.2.1.3,path:map01120
ec:4.2.1.3,path:ec01120
ec:4.2.1.36,path:map01120
ec:4.2.1.36,path:ec01120
ec:4.2.1.39,path:map01120
ec:4.2.1.39,path:ec01120
ec:4.2.1.44,path:map01120
ec:4.2.1.44,path:ec01120
ec:4.2.1.54,path:map01120
ec:4.2.1.54,path:ec01120
ec:4.2.1.55,path:map01120
ec:4.2.1.55,path:ec01120
ec:4.2.1.6,path:map01120
ec:4.2.1.6,path:ec01120
ec:4.2.1.68,path:map01120
ec:4.2.1.68,path:ec01120
ec:4.2.1.69,path:map01120
ec:4.2.1.69,path:ec01120
ec:4.2.1.75,path:map01120
ec:4.2.1.75,path:ec01120
ec:4.2.1.80,path:map01120
ec:4.2.1.80,path:ec01120
ec:4.2.1.83,path:map01120
ec:4.2.1.83,path:ec01120
ec:4.2.1.84,path:map01120
ec:4.2.1.84,path:ec01120
ec:4.2.1.85,path:map01120
ec:4.2.1.85,path:ec01120
ec:4.2.1.90,path:map01120
ec:4.2.1.90,path:ec01120
ec:4.2.3.1,path:map01120
ec:4.2.3.1,path:ec01120
ec:4.2.3.3,path:map01120
ec:4.2.3.3,path:ec01120
ec:4.3.3.7,path:map01120
ec:4.3.3.7,path:ec01120
ec:4.4.1.19,path:map01120
ec:4.4.1.19,path:ec01120
ec:4.4.1.22,path:map01120
ec:4.4.1.22,path:ec01120
ec:4.5.1.1,path:map01120
ec:4.5.1.1,path:ec01120
ec:4.5.1.3,path:map01120
ec:4.5.1.3,path:ec01120
ec:4.99.1.7,path:map01120
ec:4.99.1.7,path:ec01120
ec:5.1.1.7,path:map01120
ec:5.1.1.7,path:ec01120
ec:5.1.2.2,path:map01120
ec:5.1.2.2,path:ec01120
ec:5.1.3.1,path:map01120
ec:5.1.3.1,path:ec01120
ec:5.1.3.15,path:map01120
ec:5.1.3.15,path:ec01120
ec:5.1.3.22,path:map01120
ec:5.1.3.22,path:ec01120
ec:5.1.3.3,path:map01120
ec:5.1.3.3,path:ec01120
ec:5.1.3.4,path:map01120
ec:5.1.3.4,path:ec01120
ec:5.1.99.1,path:map01120
ec:5.1.99.1,path:ec01120
ec:5.1.99.3,path:map01120
ec:5.1.99.3,path:ec01120
ec:5.2.1.1,path:map01120
ec:5.2.1.1,path:ec01120
ec:5.2.1.10,path:map01120
ec:5.2.1.10,path:ec01120
ec:5.2.1.2,path:map01120
ec:5.2.1.2,path:ec01120
ec:5.2.1.4,path:map01120
ec:5.2.1.4,path:ec01120
ec:5.3.1.1,path:map01120
ec:5.3.1.1,path:ec01120
ec:5.3.1.14,path:map01120
ec:5.3.1.14,path:ec01120
ec:5.3.1.25,path:map01120
ec:5.3.1.25,path:ec01120
ec:5.3.1.27,path:map01120
ec:5.3.1.27,path:ec01120
ec:5.3.1.30,path:map01120
ec:5.3.1.30,path:ec01120
ec:5.3.1.6,path:map01120
ec:5.3.1.6,path:ec01120
ec:5.3.1.9,path:map01120
ec:5.3.1.9,path:ec01120
ec:5.3.2.6,path:map01120
ec:5.3.2.6,path:ec01120
ec:5.3.2.8,path:map01120
ec:5.3.2.8,path:ec01120
ec:5.3.3.1,path:map01120
ec:5.3.3.1,path:ec01120
ec:5.3.3.10,path:map01120
ec:5.3.3.10,path:ec01120
ec:5.3.3.18,path:map01120
ec:5.3.3.18,path:ec01120
ec:5.3.3.4,path:map01120
ec:5.3.3.4,path:ec01120
ec:5.3.3.6,path:map01120
ec:5.3.3.6,path:ec01120
ec:5.3.99.11,path:map01120
ec:5.3.99.11,path:ec01120
ec:5.3.99.7,path:map01120
ec:5.3.99.7,path:ec01120
ec:5.4.1.3,path:map01120
ec:5.4.1.3,path:ec01120
ec:5.4.2.11,path:map01120
ec:5.4.2.11,path:ec01120
ec:5.4.2.12,path:map01120
ec:5.4.2.12,path:ec01120
ec:5.4.2.2,path:map01120
ec:5.4.2.2,path:ec01120
ec:5.4.2.9,path:map01120
ec:5.4.2.9,path:ec01120
ec:5.4.3.8,path:map01120
ec:5.4.3.8,path:ec01120
ec:5.4.4.1,path:map01120
ec:5.4.4.1,path:ec01120
ec:5.4.4.3,path:map01120
ec:5.4.4.3,path:ec01120
ec:5.4.99.14,path:map01120
ec:5.4.99.14,path:ec01120
ec:5.4.99.2,path:map01120
ec:5.4.99.2,path:ec01120
ec:5.4.99.4,path:map01120
ec:5.4.99.4,path:ec01120
ec:5.4.99.58,path:map01120
ec:5.4.99.58,path:ec01120
ec:5.5.1.1,path:map01120
ec:5.5.1.1,path:ec01120
ec:5.5.1.11,path:map01120
ec:5.5.1.11,path:ec01120
ec:5.5.1.2,path:map01120
ec:5.5.1.2,path:ec01120
ec:5.5.1.7,path:map01120
ec:5.5.1.7,path:ec01120
ec:5.99.1.4,path:map01120
ec:5.99.1.4,path:ec01120
ec:6.1.1.17,path:map01120
ec:6.1.1.17,path:ec01120
ec:6.2.1.1,path:map01120
ec:6.2.1.1,path:ec01120
ec:6.2.1.13,path:map01120
ec:6.2.1.13,path:ec01120
ec:6.2.1.18,path:map01120
ec:6.2.1.18,path:ec01120
ec:6.2.1.25,path:map01120
ec:6.2.1.25,path:ec01120
ec:6.2.1.27,path:map01120
ec:6.2.1.27,path:ec01120
ec:6.2.1.30,path:map01120
ec:6.2.1.30,path:ec01120
ec:6.2.1.31,path:map01120
ec:6.2.1.31,path:ec01120
ec:6.2.1.32,path:map01120
ec:6.2.1.32,path:ec01120
ec:6.2.1.33,path:map01120
ec:6.2.1.33,path:ec01120
ec:6.2.1.36,path:map01120
ec:6.2.1.36,path:ec01120
ec:6.2.1.4,path:map01120
ec:6.2.1.4,path:ec01120
ec:6.2.1.40,path:map01120
ec:6.2.1.40,path:ec01120
ec:6.2.1.41,path:map01120
ec:6.2.1.41,path:ec01120
ec:6.2.1.5,path:map01120
ec:6.2.1.5,path:ec01120
ec:6.2.1.9,path:map01120
ec:6.2.1.9,path:ec01120
ec:6.3.1.2,path:map01120
ec:6.3.1.2,path:ec01120
ec:6.3.2.31,path:map01120
ec:6.3.2.31,path:ec01120
ec:6.3.2.32,path:map01120
ec:6.3.2.32,path:ec01120
ec:6.3.2.34,path:map01120
ec:6.3.2.34,path:ec01120
ec:6.3.2.38,path:map01120
ec:6.3.2.38,path:ec01120
ec:6.3.2.39,path:map01120
ec:6.3.2.39,path:ec01120
ec:6.3.4.16,path:map01120
ec:6.3.4.16,path:ec01120
ec:6.3.4.3,path:map01120
ec:6.3.4.3,path:ec01120
ec:6.4.1.1,path:map01120
ec:6.4.1.1,path:ec01120
ec:6.4.1.2,path:map01120
ec:6.4.1.2,path:ec01120
ec:6.4.1.3,path:map01120
ec:6.4.1.3,path:ec01120
ec:6.4.1.8,path:map01120
ec:6.4.1.8,path:ec01120
ec:1.1.1.1,path:map01130
ec:1.1.1.1,path:ec01130
ec:1.1.1.133,path:map01130
ec:1.1.1.133,path:ec01130
ec:1.1.1.170,path:map01130
ec:1.1.1.170,path:ec01130
ec:1.1.1.178,path:map01130
ec:1.1.1.178,path:ec01130
ec:1.1.1.18,path:map01130
ec:1.1.1.18,path:ec01130
ec:1.1.1.183,path:map01130
ec:1.1.1.183,path:ec01130
ec:1.1.1.2,path:map01130
ec:1.1.1.2,path:ec01130
ec:1.1.1.216,path:map01130
ec:1.1.1.216,path:ec01130
ec:1.1.1.25,path:map01130
ec:1.1.1.25,path:ec01130
ec:1.1.1.266,path:map01130
ec:1.1.1.266,path:ec01130
ec:1.1.1.267,path:map01130
ec:1.1.1.267,path:ec01130
ec:1.1.1.27,path:map01130
ec:1.1.1.27,path:ec01130
ec:1.1.1.270,path:map01130
ec:1.1.1.270,path:ec01130
ec:1.1.1.282,path:map01130
ec:1.1.1.282,path:ec01130
ec:1.1.1.286,path:map01130
ec:1.1.1.286,path:ec01130
ec:1.1.1.29,path:map01130
ec:1.1.1.29,path:ec01130
ec:1.1.1.3,path:map01130
ec:1.1.1.3,path:ec01130
ec:1.1.1.309,path:map01130
ec:1.1.1.309,path:ec01130
ec:1.1.1.329,path:map01130
ec:1.1.1.329,path:ec01130
ec:1.1.1.339,path:map01130
ec:1.1.1.339,path:ec01130
ec:1.1.1.34,path:map01130
ec:1.1.1.34,path:ec01130
ec:1.1.1.340,path:map01130
ec:1.1.1.340,path:ec01130
ec:1.1.1.343,path:map01130
ec:1.1.1.343,path:ec01130
ec:1.1.1.344,path:map01130
ec:1.1.1.344,path:ec01130
ec:1.1.1.347,path:map01130
ec:1.1.1.347,path:ec01130
ec:1.1.1.35,path:map01130
ec:1.1.1.35,path:ec01130
ec:1.1.1.354,path:map01130
ec:1.1.1.354,path:ec01130
ec:1.1.1.355,path:map01130
ec:1.1.1.355,path:ec01130
ec:1.1.1.359,path:map01130
ec:1.1.1.359,path:ec01130
ec:1.1.1.360,path:map01130
ec:1.1.1.360,path:ec01130
ec:1.1.1.362,path:map01130
ec:1.1.1.362,path:ec01130
ec:1.1.1.363,path:map01130
ec:1.1.1.363,path:ec01130
ec:1.1.1.364,path:map01130
ec:1.1.1.364,path:ec01130
ec:1.1.1.37,path:map01130
ec:1.1.1.37,path:ec01130
ec:1.1.1.384,path:map01130
ec:1.1.1.384,path:ec01130
ec:1.1.1.385,path:map01130
ec:1.1.1.385,path:ec01130
ec:1.1.1.41,path:map01130
ec:1.1.1.41,path:ec01130
ec:1.1.1.42,path:map01130
ec:1.1.1.42,path:ec01130
ec:1.1.1.44,path:map01130
ec:1.1.1.44,path:ec01130
ec:1.1.1.49,path:map01130
ec:1.1.1.49,path:ec01130
ec:1.1.1.5,path:map01130
ec:1.1.1.5,path:ec01130
ec:1.1.1.86,path:map01130
ec:1.1.1.86,path:ec01130
ec:1.1.1.87,path:map01130
ec:1.1.1.87,path:ec01130
ec:1.1.1.88,path:map01130
ec:1.1.1.88,path:ec01130
ec:1.1.1.95,path:map01130
ec:1.1.1.95,path:ec01130
ec:1.1.2.7,path:map01130
ec:1.1.2.7,path:ec01130
ec:1.1.2.8,path:map01130
ec:1.1.2.8,path:ec01130
ec:1.1.3.15,path:map01130
ec:1.1.3.15,path:ec01130
ec:1.1.3.43,path:map01130
ec:1.1.3.43,path:ec01130
ec:1.1.3.44,path:map01130
ec:1.1.3.44,path:ec01130
ec:1.1.3.45,path:map01130
ec:1.1.3.45,path:ec01130
ec:1.1.3.46,path:map01130
ec:1.1.3.46,path:ec01130
ec:1.1.5.4,path:map01130
ec:1.1.5.4,path:ec01130
ec:1.1.5.8,path:map01130
ec:1.1.5.8,path:ec01130
ec:1.1.5.9,path:map01130
ec:1.1.5.9,path:ec01130
ec:1.1.99.38,path:map01130
ec:1.1.99.38,path:ec01130
ec:1.10.3.16,path:map01130
ec:1.10.3.16,path:ec01130
ec:1.11.1.23,path:map01130
ec:1.11.1.23,path:ec01130
ec:1.11.1.6,path:map01130
ec:1.11.1.6,path:ec01130
ec:1.13.11.46,path:map01130
ec:1.13.11.46,path:ec01130
ec:1.13.11.72,path:map01130
ec:1.13.11.72,path:ec01130
ec:1.13.11.80,path:map01130
ec:1.13.11.80,path:ec01130
ec:1.13.11.83,path:map01130
ec:1.13.11.83,path:ec01130
ec:1.13.12.17,path:map01130
ec:1.13.12.17,path:ec01130
ec:1.13.12.21,path:map01130
ec:1.13.12.21,path:ec01130
ec:1.13.12.22,path:map01130
ec:1.13.12.22,path:ec01130
ec:1.13.12.23,path:map01130
ec:1.13.12.23,path:ec01130
ec:1.14.11.21,path:map01130
ec:1.14.11.21,path:ec01130
ec:1.14.11.26,path:map01130
ec:1.14.11.26,path:ec01130
ec:1.14.11.35,path:map01130
ec:1.14.11.35,path:ec01130
ec:1.14.11.36,path:map01130
ec:1.14.11.36,path:ec01130
ec:1.14.11.37,path:map01130
ec:1.14.11.37,path:ec01130
ec:1.14.11.38,path:map01130
ec:1.14.11.38,path:ec01130
ec:1.14.11.52,path:map01130
ec:1.14.11.52,path:ec01130
ec:1.14.13.106,path:map01130
ec:1.14.13.106,path:ec01130
ec:1.14.13.133,path:map01130
ec:1.14.13.133,path:ec01130
ec:1.14.13.154,path:map01130
ec:1.14.13.154,path:ec01130
ec:1.14.13.170,path:map01130
ec:1.14.13.170,path:ec01130
ec:1.14.13.176,path:map01130
ec:1.14.13.176,path:ec01130
ec:1.14.13.177,path:map01130
ec:1.14.13.177,path:ec01130
ec:1.14.13.180,path:map01130
ec:1.14.13.180,path:ec01130
ec:1.14.13.181,path:map01130
ec:1.14.13.181,path:ec01130
ec:1.14.13.182,path:map01130
ec:1.14.13.182,path:ec01130
ec:1.14.13.185,path:map01130
ec:1.14.13.185,path:ec01130
ec:1.14.13.186,path:map01130
ec:1.14.13.186,path:ec01130
ec:1.14.13.188,path:map01130
ec:1.14.13.188,path:ec01130
ec:1.14.13.200,path:map01130
ec:1.14.13.200,path:ec01130
ec:1.14.13.217,path:map01130
ec:1.14.13.217,path:ec01130
ec:1.14.13.218,path:map01130
ec:1.14.13.218,path:ec01130
ec:1.14.13.224,path:map01130
ec:1.14.13.224,path:ec01130
ec:1.14.13.231,path:map01130
ec:1.14.13.231,path:ec01130
ec:1.14.13.232,path:map01130
ec:1.14.13.232,path:ec01130
ec:1.14.13.233,path:map01130
ec:1.14.13.233,path:ec01130
ec:1.14.13.234,path:map01130
ec:1.14.13.234,path:ec01130
ec:1.14.13.38,path:map01130
ec:1.14.13.38,path:ec01130
ec:1.14.13.39,path:map01130
ec:1.14.13.39,path:ec01130
ec:1.14.13.70,path:map01130
ec:1.14.13.70,path:ec01130
ec:1.14.14.13,path:map01130
ec:1.14.14.13,path:ec01130
ec:1.14.14.15,path:map01130
ec:1.14.14.15,path:ec01130
ec:1.14.14.17,path:map01130
ec:1.14.14.17,path:ec01130
ec:1.14.18.9,path:map01130
ec:1.14.18.9,path:ec01130
ec:1.14.19.20,path:map01130
ec:1.14.19.20,path:ec01130
ec:1.14.19.49,path:map01130
ec:1.14.19.49,path:ec01130
ec:1.14.19.8,path:map01130
ec:1.14.19.8,path:ec01130
ec:1.14.19.9,path:map01130
ec:1.14.19.9,path:ec01130
ec:1.14.20.1,path:map01130
ec:1.14.20.1,path:ec01130
ec:1.14.20.3,path:map01130
ec:1.14.20.3,path:ec01130
ec:1.14.21.10,path:map01130
ec:1.14.21.10,path:ec01130
ec:1.14.99.49,path:map01130
ec:1.14.99.49,path:ec01130
ec:1.17.1.8,path:map01130
ec:1.17.1.8,path:ec01130
ec:1.17.7.1,path:map01130
ec:1.17.7.1,path:ec01130
ec:1.17.7.4,path:map01130
ec:1.17.7.4,path:ec01130
ec:1.2.1.11,path:map01130
ec:1.2.1.11,path:ec01130
ec:1.2.1.12,path:map01130
ec:1.2.1.12,path:ec01130
ec:1.2.1.3,path:map01130
ec:1.2.1.3,path:ec01130
ec:1.2.1.31,path:map01130
ec:1.2.1.31,path:ec01130
ec:1.2.1.38,path:map01130
ec:1.2.1.38,path:ec01130
ec:1.2.1.41,path:map01130
ec:1.2.1.41,path:ec01130
ec:1.2.1.59,path:map01130
ec:1.2.1.59,path:ec01130
ec:1.2.1.86,path:map01130
ec:1.2.1.86,path:ec01130
ec:1.2.4.1,path:map01130
ec:1.2.4.1,path:ec01130
ec:1.2.4.2,path:map01130
ec:1.2.4.2,path:ec01130
ec:1.2.4.4,path:map01130
ec:1.2.4.4,path:ec01130
ec:1.2.7.1,path:map01130
ec:1.2.7.1,path:ec01130
ec:1.2.7.11,path:map01130
ec:1.2.7.11,path:ec01130
ec:1.21.3.1,path:map01130
ec:1.21.3.1,path:ec01130
ec:1.21.98.2,path:map01130
ec:1.21.98.2,path:ec01130
ec:1.3.1.12,path:map01130
ec:1.3.1.12,path:ec01130
ec:1.3.1.13,path:map01130
ec:1.3.1.13,path:ec01130
ec:1.3.1.28,path:map01130
ec:1.3.1.28,path:ec01130
ec:1.3.1.70,path:map01130
ec:1.3.1.70,path:ec01130
ec:1.3.1.71,path:map01130
ec:1.3.1.71,path:ec01130
ec:1.3.1.86,path:map01130
ec:1.3.1.86,path:ec01130
ec:1.3.3.14,path:map01130
ec:1.3.3.14,path:ec01130
ec:1.3.5.1,path:map01130
ec:1.3.5.1,path:ec01130
ec:1.3.5.4,path:map01130
ec:1.3.5.4,path:ec01130
ec:1.3.8.6,path:map01130
ec:1.3.8.6,path:ec01130
ec:1.3.8.7,path:map01130
ec:1.3.8.7,path:ec01130
ec:1.3.98.4,path:map01130
ec:1.3.98.4,path:ec01130
ec:1.3.99.24,path:map01130
ec:1.3.99.24,path:ec01130
ec:1.4.1.13,path:map01130
ec:1.4.1.13,path:ec01130
ec:1.4.1.14,path:map01130
ec:1.4.1.14,path:ec01130
ec:1.4.1.20,path:map01130
ec:1.4.1.20,path:ec01130
ec:1.4.1.23,path:map01130
ec:1.4.1.23,path:ec01130
ec:1.4.1.24,path:map01130
ec:1.4.1.24,path:ec01130
ec:1.4.1.9,path:map01130
ec:1.4.1.9,path:ec01130
ec:1.4.3.23,path:map01130
ec:1.4.3.23,path:ec01130
ec:1.4.3.3,path:map01130
ec:1.4.3.3,path:ec01130
ec:1.5.1.10,path:map01130
ec:1.5.1.10,path:ec01130
ec:1.5.1.2,path:map01130
ec:1.5.1.2,path:ec01130
ec:1.5.1.7,path:map01130
ec:1.5.1.7,path:ec01130
ec:1.5.1.8,path:map01130
ec:1.5.1.8,path:ec01130
ec:1.5.1.9,path:map01130
ec:1.5.1.9,path:ec01130
ec:1.5.5.2,path:map01130
ec:1.5.5.2,path:ec01130
ec:1.8.1.4,path:map01130
ec:1.8.1.4,path:ec01130
ec:1.8.3.5,path:map01130
ec:1.8.3.5,path:ec01130
ec:1.8.3.6,path:map01130
ec:1.8.3.6,path:ec01130
ec:2.1.1.100,path:map01130
ec:2.1.1.100,path:ec01130
ec:2.1.1.101,path:map01130
ec:2.1.1.101,path:ec01130
ec:2.1.1.102,path:map01130
ec:2.1.1.102,path:ec01130
ec:2.1.1.139,path:map01130
ec:2.1.1.139,path:ec01130
ec:2.1.1.164,path:map01130
ec:2.1.1.164,path:ec01130
ec:2.1.1.234,path:map01130
ec:2.1.1.234,path:ec01130
ec:2.1.1.235,path:map01130
ec:2.1.1.235,path:ec01130
ec:2.1.1.236,path:map01130
ec:2.1.1.236,path:ec01130
ec:2.1.1.237,path:map01130
ec:2.1.1.237,path:ec01130
ec:2.1.1.238,path:map01130
ec:2.1.1.238,path:ec01130
ec:2.1.1.239,path:map01130
ec:2.1.1.239,path:ec01130
ec:2.1.1.254,path:map01130
ec:2.1.1.254,path:ec01130
ec:2.1.1.284,path:map01130
ec:2.1.1.284,path:ec01130
ec:2.1.1.285,path:map01130
ec:2.1.1.285,path:ec01130
ec:2.1.1.288,path:map01130
ec:2.1.1.288,path:ec01130
ec:2.1.1.292,path:map01130
ec:2.1.1.292,path:ec01130
ec:2.1.1.293,path:map01130
ec:2.1.1.293,path:ec01130
ec:2.1.1.303,path:map01130
ec:2.1.1.303,path:ec01130
ec:2.1.1.305,path:map01130
ec:2.1.1.305,path:ec01130
ec:2.1.1.306,path:map01130
ec:2.1.1.306,path:ec01130
ec:2.1.1.307,path:map01130
ec:2.1.1.307,path:ec01130
ec:2.1.1.308,path:map01130
ec:2.1.1.308,path:ec01130
ec:2.1.1.315,path:map01130
ec:2.1.1.315,path:ec01130
ec:2.1.1.324,path:map01130
ec:2.1.1.324,path:ec01130
ec:2.1.1.326,path:map01130
ec:2.1.1.326,path:ec01130
ec:2.1.1.327,path:map01130
ec:2.1.1.327,path:ec01130
ec:2.1.1.335,path:map01130
ec:2.1.1.335,path:ec01130
ec:2.1.1.38,path:map01130
ec:2.1.1.38,path:ec01130
ec:2.1.1.41,path:map01130
ec:2.1.1.41,path:ec01130
ec:2.1.2.1,path:map01130
ec:2.1.2.1,path:ec01130
ec:2.1.2.2,path:map01130
ec:2.1.2.2,path:ec01130
ec:2.1.2.3,path:map01130
ec:2.1.2.3,path:ec01130
ec:2.1.3.12,path:map01130
ec:2.1.3.12,path:ec01130
ec:2.1.3.3,path:map01130
ec:2.1.3.3,path:ec01130
ec:2.1.3.7,path:map01130
ec:2.1.3.7,path:ec01130
ec:2.1.4.2,path:map01130
ec:2.1.4.2,path:ec01130
ec:2.2.1.1,path:map01130
ec:2.2.1.1,path:ec01130
ec:2.2.1.10,path:map01130
ec:2.2.1.10,path:ec01130
ec:2.2.1.11,path:map01130
ec:2.2.1.11,path:ec01130
ec:2.2.1.12,path:map01130
ec:2.2.1.12,path:ec01130
ec:2.2.1.2,path:map01130
ec:2.2.1.2,path:ec01130
ec:2.2.1.6,path:map01130
ec:2.2.1.6,path:ec01130
ec:2.2.1.7,path:map01130
ec:2.2.1.7,path:ec01130
ec:2.3.1.1,path:map01130
ec:2.3.1.1,path:ec01130
ec:2.3.1.12,path:map01130
ec:2.3.1.12,path:ec01130
ec:2.3.1.157,path:map01130
ec:2.3.1.157,path:ec01130
ec:2.3.1.16,path:map01130
ec:2.3.1.16,path:ec01130
ec:2.3.1.164,path:map01130
ec:2.3.1.164,path:ec01130
ec:2.3.1.165,path:map01130
ec:2.3.1.165,path:ec01130
ec:2.3.1.168,path:map01130
ec:2.3.1.168,path:ec01130
ec:2.3.1.175,path:map01130
ec:2.3.1.175,path:ec01130
ec:2.3.1.183,path:map01130
ec:2.3.1.183,path:ec01130
ec:2.3.1.197,path:map01130
ec:2.3.1.197,path:ec01130
ec:2.3.1.226,path:map01130
ec:2.3.1.226,path:ec01130
ec:2.3.1.230,path:map01130
ec:2.3.1.230,path:ec01130
ec:2.3.1.235,path:map01130
ec:2.3.1.235,path:ec01130
ec:2.3.1.237,path:map01130
ec:2.3.1.237,path:ec01130
ec:2.3.1.239,path:map01130
ec:2.3.1.239,path:ec01130
ec:2.3.1.240,path:map01130
ec:2.3.1.240,path:ec01130
ec:2.3.1.260,path:map01130
ec:2.3.1.260,path:ec01130
ec:2.3.1.262,path:map01130
ec:2.3.1.262,path:ec01130
ec:2.3.1.30,path:map01130
ec:2.3.1.30,path:ec01130
ec:2.3.1.31,path:map01130
ec:2.3.1.31,path:ec01130
ec:2.3.1.35,path:map01130
ec:2.3.1.35,path:ec01130
ec:2.3.1.61,path:map01130
ec:2.3.1.61,path:ec01130
ec:2.3.1.9,path:map01130
ec:2.3.1.9,path:ec01130
ec:2.3.1.94,path:map01130
ec:2.3.1.94,path:ec01130
ec:2.3.2.19,path:map01130
ec:2.3.2.19,path:ec01130
ec:2.3.3.1,path:map01130
ec:2.3.3.1,path:ec01130
ec:2.3.3.10,path:map01130
ec:2.3.3.10,path:ec01130
ec:2.3.3.14,path:map01130
ec:2.3.3.14,path:ec01130
ec:2.3.3.18,path:map01130
ec:2.3.3.18,path:ec01130
ec:2.3.3.8,path:map01130
ec:2.3.3.8,path:ec01130
ec:2.4.1.277,path:map01130
ec:2.4.1.277,path:ec01130
ec:2.4.1.278,path:map01130
ec:2.4.1.278,path:ec01130
ec:2.4.1.283,path:map01130
ec:2.4.1.283,path:ec01130
ec:2.4.1.284,path:map01130
ec:2.4.1.284,path:ec01130
ec:2.4.1.285,path:map01130
ec:2.4.1.285,path:ec01130
ec:2.4.1.301,path:map01130
ec:2.4.1.301,path:ec01130
ec:2.4.1.302,path:map01130
ec:2.4.1.302,path:ec01130
ec:2.4.1.316,path:map01130
ec:2.4.1.316,path:ec01130
ec:2.4.1.317,path:map01130
ec:2.4.1.317,path:ec01130
ec:2.4.1.318,path:map01130
ec:2.4.1.318,path:ec01130
ec:2.4.1.326,path:map01130
ec:2.4.1.326,path:ec01130
ec:2.4.1.327,path:map01130
ec:2.4.1.327,path:ec01130
ec:2.4.1.328,path:map01130
ec:2.4.1.328,path:ec01130
ec:2.4.1.331,path:map01130
ec:2.4.1.331,path:ec01130
ec:2.4.1.338,path:map01130
ec:2.4.1.338,path:ec01130
ec:2.4.2.14,path:map01130
ec:2.4.2.14,path:ec01130
ec:2.4.2.18,path:map01130
ec:2.4.2.18,path:ec01130
ec:2.4.2.27,path:map01130
ec:2.4.2.27,path:ec01130
ec:2.4.2.49,path:map01130
ec:2.4.2.49,path:ec01130
ec:2.5.1.1,path:map01130
ec:2.5.1.1,path:ec01130
ec:2.5.1.10,path:map01130
ec:2.5.1.10,path:ec01130
ec:2.5.1.106,path:map01130
ec:2.5.1.106,path:ec01130
ec:2.5.1.107,path:map01130
ec:2.5.1.107,path:ec01130
ec:2.5.1.109,path:map01130
ec:2.5.1.109,path:ec01130
ec:2.5.1.110,path:map01130
ec:2.5.1.110,path:ec01130
ec:2.5.1.111,path:map01130
ec:2.5.1.111,path:ec01130
ec:2.5.1.121,path:map01130
ec:2.5.1.121,path:ec01130
ec:2.5.1.135,path:map01130
ec:2.5.1.135,path:ec01130
ec:2.5.1.19,path:map01130
ec:2.5.1.19,path:ec01130
ec:2.5.1.21,path:map01130
ec:2.5.1.21,path:ec01130
ec:2.5.1.29,path:map01130
ec:2.5.1.29,path:ec01130
ec:2.5.1.38,path:map01130
ec:2.5.1.38,path:ec01130
ec:2.5.1.47,path:map01130
ec:2.5.1.47,path:ec01130
ec:2.5.1.48,path:map01130
ec:2.5.1.48,path:ec01130
ec:2.5.1.54,path:map01130
ec:2.5.1.54,path:ec01130
ec:2.5.1.58,path:map01130
ec:2.5.1.58,path:ec01130
ec:2.5.1.66,path:map01130
ec:2.5.1.66,path:ec01130
ec:2.6.1.1,path:map01130
ec:2.6.1.1,path:ec01130
ec:2.6.1.100,path:map01130
ec:2.6.1.100,path:ec01130
ec:2.6.1.101,path:map01130
ec:2.6.1.101,path:ec01130
ec:2.6.1.103,path:map01130
ec:2.6.1.103,path:ec01130
ec:2.6.1.106,path:map01130
ec:2.6.1.106,path:ec01130
ec:2.6.1.11,path:map01130
ec:2.6.1.11,path:ec01130
ec:2.6.1.110,path:map01130
ec:2.6.1.110,path:ec01130
ec:2.6.1.13,path:map01130
ec:2.6.1.13,path:ec01130
ec:2.6.1.16,path:map01130
ec:2.6.1.16,path:ec01130
ec:2.6.1.33,path:map01130
ec:2.6.1.33,path:ec01130
ec:2.6.1.39,path:map01130
ec:2.6.1.39,path:ec01130
ec:2.6.1.4,path:map01130
ec:2.6.1.4,path:ec01130
ec:2.6.1.42,path:map01130
ec:2.6.1.42,path:ec01130
ec:2.6.1.45,path:map01130
ec:2.6.1.45,path:ec01130
ec:2.6.1.5,path:map01130
ec:2.6.1.5,path:ec01130
ec:2.6.1.50,path:map01130
ec:2.6.1.50,path:ec01130
ec:2.6.1.52,path:map01130
ec:2.6.1.52,path:ec01130
ec:2.6.1.56,path:map01130
ec:2.6.1.56,path:ec01130
ec:2.6.1.57,path:map01130
ec:2.6.1.57,path:ec01130
ec:2.6.1.58,path:map01130
ec:2.6.1.58,path:ec01130
ec:2.6.1.66,path:map01130
ec:2.6.1.66,path:ec01130
ec:2.6.1.74,path:map01130
ec:2.6.1.74,path:ec01130
ec:2.6.1.83,path:map01130
ec:2.6.1.83,path:ec01130
ec:2.6.1.86,path:map01130
ec:2.6.1.86,path:ec01130
ec:2.6.1.89,path:map01130
ec:2.6.1.89,path:ec01130
ec:2.6.1.9,path:map01130
ec:2.6.1.9,path:ec01130
ec:2.6.1.90,path:map01130
ec:2.6.1.90,path:ec01130
ec:2.6.1.93,path:map01130
ec:2.6.1.93,path:ec01130
ec:2.6.1.94,path:map01130
ec:2.6.1.94,path:ec01130
ec:2.6.1.95,path:map01130
ec:2.6.1.95,path:ec01130
ec:2.6.99.3,path:map01130
ec:2.6.99.3,path:ec01130
ec:2.7.1.1,path:map01130
ec:2.7.1.1,path:ec01130
ec:2.7.1.11,path:map01130
ec:2.7.1.11,path:ec01130
ec:2.7.1.12,path:map01130
ec:2.7.1.12,path:ec01130
ec:2.7.1.146,path:map01130
ec:2.7.1.146,path:ec01130
ec:2.7.1.147,path:map01130
ec:2.7.1.147,path:ec01130
ec:2.7.1.148,path:map01130
ec:2.7.1.148,path:ec01130
ec:2.7.1.165,path:map01130
ec:2.7.1.165,path:ec01130
ec:2.7.1.179,path:map01130
ec:2.7.1.179,path:ec01130
ec:2.7.1.188,path:map01130
ec:2.7.1.188,path:ec01130
ec:2.7.1.2,path:map01130
ec:2.7.1.2,path:ec01130
ec:2.7.1.214,path:map01130
ec:2.7.1.214,path:ec01130
ec:2.7.1.216,path:map01130
ec:2.7.1.216,path:ec01130
ec:2.7.1.31,path:map01130
ec:2.7.1.31,path:ec01130
ec:2.7.1.36,path:map01130
ec:2.7.1.36,path:ec01130
ec:2.7.1.40,path:map01130
ec:2.7.1.40,path:ec01130
ec:2.7.1.63,path:map01130
ec:2.7.1.63,path:ec01130
ec:2.7.1.65,path:map01130
ec:2.7.1.65,path:ec01130
ec:2.7.1.71,path:map01130
ec:2.7.1.71,path:ec01130
ec:2.7.1.72,path:map01130
ec:2.7.1.72,path:ec01130
ec:2.7.1.90,path:map01130
ec:2.7.1.90,path:ec01130
ec:2.7.2.11,path:map01130
ec:2.7.2.11,path:ec01130
ec:2.7.2.3,path:map01130
ec:2.7.2.3,path:ec01130
ec:2.7.2.4,path:map01130
ec:2.7.2.4,path:ec01130
ec:2.7.2.8,path:map01130
ec:2.7.2.8,path:ec01130
ec:2.7.4.10,path:map01130
ec:2.7.4.10,path:ec01130
ec:2.7.4.2,path:map01130
ec:2.7.4.2,path:ec01130
ec:2.7.4.26,path:map01130
ec:2.7.4.26,path:ec01130
ec:2.7.4.3,path:map01130
ec:2.7.4.3,path:ec01130
ec:2.7.4.32,path:map01130
ec:2.7.4.32,path:ec01130
ec:2.7.4.6,path:map01130
ec:2.7.4.6,path:ec01130
ec:2.7.6.1,path:map01130
ec:2.7.6.1,path:ec01130
ec:2.7.7.23,path:map01130
ec:2.7.7.23,path:ec01130
ec:2.7.7.24,path:map01130
ec:2.7.7.24,path:ec01130
ec:2.7.7.4,path:map01130
ec:2.7.7.4,path:ec01130
ec:2.7.7.60,path:map01130
ec:2.7.7.60,path:ec01130
ec:2.7.7.64,path:map01130
ec:2.7.7.64,path:ec01130
ec:2.7.7.9,path:map01130
ec:2.7.7.9,path:ec01130
ec:2.7.7.91,path:map01130
ec:2.7.7.91,path:ec01130
ec:2.7.7.93,path:map01130
ec:2.7.7.93,path:ec01130
ec:2.7.8.23,path:map01130
ec:2.7.8.23,path:ec01130
ec:2.8.3.18,path:map01130
ec:2.8.3.18,path:ec01130
ec:3.1.1.17,path:map01130
ec:3.1.1.17,path:ec01130
ec:3.1.1.31,path:map01130
ec:3.1.1.31,path:ec01130
ec:3.1.1.41,path:map01130
ec:3.1.1.41,path:ec01130
ec:3.1.1.95,path:map01130
ec:3.1.1.95,path:ec01130
ec:3.1.2.32,path:map01130
ec:3.1.2.32,path:ec01130
ec:3.1.3.101,path:map01130
ec:3.1.3.101,path:ec01130
ec:3.1.3.11,path:map01130
ec:3.1.3.11,path:ec01130
ec:3.1.3.18,path:map01130
ec:3.1.3.18,path:ec01130
ec:3.1.3.25,path:map01130
ec:3.1.3.25,path:ec01130
ec:3.1.3.3,path:map01130
ec:3.1.3.3,path:ec01130
ec:3.1.3.39,path:map01130
ec:3.1.3.39,path:ec01130
ec:3.1.3.40,path:map01130
ec:3.1.3.40,path:ec01130
ec:3.1.3.88,path:map01130
ec:3.1.3.88,path:ec01130
ec:3.1.7.11,path:map01130
ec:3.1.7.11,path:ec01130
ec:3.1.7.3,path:map01130
ec:3.1.7.3,path:ec01130
ec:3.3.2.1,path:map01130
ec:3.3.2.1,path:ec01130
ec:3.3.2.15,path:map01130
ec:3.3.2.15,path:ec01130
ec:3.4.24.84,path:map01130
ec:3.4.24.84,path:ec01130
ec:3.5.1.11,path:map01130
ec:3.5.1.11,path:ec01130
ec:3.5.1.112,path:map01130
ec:3.5.1.112,path:ec01130
ec:3.5.1.113,path:map01130
ec:3.5.1.113,path:ec01130
ec:3.5.1.14,path:map01130
ec:3.5.1.14,path:ec01130
ec:3.5.1.16,path:map01130
ec:3.5.1.16,path:ec01130
ec:3.5.1.25,path:map01130
ec:3.5.1.25,path:ec01130
ec:3.5.1.93,path:map01130
ec:3.5.1.93,path:ec01130
ec:3.5.2.6,path:map01130
ec:3.5.2.6,path:ec01130
ec:3.5.3.1,path:map01130
ec:3.5.3.1,path:ec01130
ec:3.5.3.22,path:map01130
ec:3.5.3.22,path:ec01130
ec:3.5.3.25,path:map01130
ec:3.5.3.25,path:ec01130
ec:3.5.3.6,path:map01130
ec:3.5.3.6,path:ec01130
ec:3.5.4.10,path:map01130
ec:3.5.4.10,path:ec01130
ec:3.5.4.6,path:map01130
ec:3.5.4.6,path:ec01130
ec:3.6.1.57,path:map01130
ec:3.6.1.57,path:ec01130
ec:4.1.1.1,path:map01130
ec:4.1.1.1,path:ec01130
ec:4.1.1.100,path:map01130
ec:4.1.1.100,path:ec01130
ec:4.1.1.17,path:map01130
ec:4.1.1.17,path:ec01130
ec:4.1.1.20,path:map01130
ec:4.1.1.20,path:ec01130
ec:4.1.1.32,path:map01130
ec:4.1.1.32,path:ec01130
ec:4.1.1.33,path:map01130
ec:4.1.1.33,path:ec01130
ec:4.1.1.39,path:map01130
ec:4.1.1.39,path:ec01130
ec:4.1.1.48,path:map01130
ec:4.1.1.48,path:ec01130
ec:4.1.1.49,path:map01130
ec:4.1.1.49,path:ec01130
ec:4.1.1.82,path:map01130
ec:4.1.1.82,path:ec01130
ec:4.1.1.95,path:map01130
ec:4.1.1.95,path:ec01130
ec:4.1.2.13,path:map01130
ec:4.1.2.13,path:ec01130
ec:4.1.2.48,path:map01130
ec:4.1.2.48,path:ec01130
ec:4.1.3.27,path:map01130
ec:4.1.3.27,path:ec01130
ec:4.2.1.10,path:map01130
ec:4.2.1.10,path:ec01130
ec:4.2.1.11,path:map01130
ec:4.2.1.11,path:ec01130
ec:4.2.1.114,path:map01130
ec:4.2.1.114,path:ec01130
ec:4.2.1.118,path:map01130
ec:4.2.1.118,path:ec01130
ec:4.2.1.144,path:map01130
ec:4.2.1.144,path:ec01130
ec:4.2.1.154,path:map01130
ec:4.2.1.154,path:ec01130
ec:4.2.1.159,path:map01130
ec:4.2.1.159,path:ec01130
ec:4.2.1.164,path:map01130
ec:4.2.1.164,path:ec01130
ec:4.2.1.166,path:map01130
ec:4.2.1.166,path:ec01130
ec:4.2.1.17,path:map01130
ec:4.2.1.17,path:ec01130
ec:4.2.1.2,path:map01130
ec:4.2.1.2,path:ec01130
ec:4.2.1.20,path:map01130
ec:4.2.1.20,path:ec01130
ec:4.2.1.22,path:map01130
ec:4.2.1.22,path:ec01130
ec:4.2.1.3,path:map01130
ec:4.2.1.3,path:ec01130
ec:4.2.1.36,path:map01130
ec:4.2.1.36,path:ec01130
ec:4.2.1.46,path:map01130
ec:4.2.1.46,path:ec01130
ec:4.2.1.51,path:map01130
ec:4.2.1.51,path:ec01130
ec:4.2.1.9,path:map01130
ec:4.2.1.9,path:ec01130
ec:4.2.1.91,path:map01130
ec:4.2.1.91,path:ec01130
ec:4.2.3.124,path:map01130
ec:4.2.3.124,path:ec01130
ec:4.2.3.152,path:map01130
ec:4.2.3.152,path:ec01130
ec:4.2.3.24,path:map01130
ec:4.2.3.24,path:ec01130
ec:4.2.3.25,path:map01130
ec:4.2.3.25,path:ec01130
ec:4.2.3.26,path:map01130
ec:4.2.3.26,path:ec01130
ec:4.2.3.36,path:map01130
ec:4.2.3.36,path:ec01130
ec:4.2.3.37,path:map01130
ec:4.2.3.37,path:ec01130
ec:4.2.3.4,path:map01130
ec:4.2.3.4,path:ec01130
ec:4.2.3.5,path:map01130
ec:4.2.3.5,path:ec01130
ec:4.2.3.7,path:map01130
ec:4.2.3.7,path:ec01130
ec:4.2.99.21,path:map01130
ec:4.2.99.21,path:ec01130
ec:4.3.1.12,path:map01130
ec:4.3.1.12,path:ec01130
ec:4.3.1.17,path:map01130
ec:4.3.1.17,path:ec01130
ec:4.3.1.19,path:map01130
ec:4.3.1.19,path:ec01130
ec:4.3.1.30,path:map01130
ec:4.3.1.30,path:ec01130
ec:4.3.2.1,path:map01130
ec:4.3.2.1,path:ec01130
ec:4.3.2.2,path:map01130
ec:4.3.2.2,path:ec01130
ec:4.3.2.6,path:map01130
ec:4.3.2.6,path:ec01130
ec:4.3.3.5,path:map01130
ec:4.3.3.5,path:ec01130
ec:4.3.3.7,path:map01130
ec:4.3.3.7,path:ec01130
ec:4.4.1.1,path:map01130
ec:4.4.1.1,path:ec01130
ec:4.6.1.12,path:map01130
ec:4.6.1.12,path:ec01130
ec:5.1.1.14,path:map01130
ec:5.1.1.14,path:ec01130
ec:5.1.1.17,path:map01130
ec:5.1.1.17,path:ec01130
ec:5.1.1.19,path:map01130
ec:5.1.1.19,path:ec01130
ec:5.1.1.7,path:map01130
ec:5.1.1.7,path:ec01130
ec:5.1.3.1,path:map01130
ec:5.1.3.1,path:ec01130
ec:5.1.3.13,path:map01130
ec:5.1.3.13,path:ec01130
ec:5.1.3.15,path:map01130
ec:5.1.3.15,path:ec01130
ec:5.1.3.25,path:map01130
ec:5.1.3.25,path:ec01130
ec:5.1.3.27,path:map01130
ec:5.1.3.27,path:ec01130
ec:5.1.3.3,path:map01130
ec:5.1.3.3,path:ec01130
ec:5.1.3.33,path:map01130
ec:5.1.3.33,path:ec01130
ec:5.1.3.35,path:map01130
ec:5.1.3.35,path:ec01130
ec:5.3.1.1,path:map01130
ec:5.3.1.1,path:ec01130
ec:5.3.1.24,path:map01130
ec:5.3.1.24,path:ec01130
ec:5.3.1.6,path:map01130
ec:5.3.1.6,path:ec01130
ec:5.3.1.8,path:map01130
ec:5.3.1.8,path:ec01130
ec:5.3.1.9,path:map01130
ec:5.3.1.9,path:ec01130
ec:5.3.2.3,path:map01130
ec:5.3.2.3,path:ec01130
ec:5.3.2.4,path:map01130
ec:5.3.2.4,path:ec01130
ec:5.3.3.17,path:map01130
ec:5.3.3.17,path:ec01130
ec:5.3.3.19,path:map01130
ec:5.3.3.19,path:ec01130
ec:5.3.3.2,path:map01130
ec:5.3.3.2,path:ec01130
ec:5.4.2.10,path:map01130
ec:5.4.2.10,path:ec01130
ec:5.4.2.11,path:map01130
ec:5.4.2.11,path:ec01130
ec:5.4.2.12,path:map01130
ec:5.4.2.12,path:ec01130
ec:5.4.2.2,path:map01130
ec:5.4.2.2,path:ec01130
ec:5.4.2.3,path:map01130
ec:5.4.2.3,path:ec01130
ec:5.4.2.5,path:map01130
ec:5.4.2.5,path:ec01130
ec:5.4.2.8,path:map01130
ec:5.4.2.8,path:ec01130
ec:5.4.2.9,path:map01130
ec:5.4.2.9,path:ec01130
ec:5.4.3.6,path:map01130
ec:5.4.3.6,path:ec01130
ec:5.4.4.2,path:map01130
ec:5.4.4.2,path:ec01130
ec:5.4.99.18,path:map01130
ec:5.4.99.18,path:ec01130
ec:5.4.99.3,path:map01130
ec:5.4.99.3,path:ec01130
ec:5.4.99.5,path:map01130
ec:5.4.99.5,path:ec01130
ec:5.4.99.59,path:map01130
ec:5.4.99.59,path:ec01130
ec:5.4.99.7,path:map01130
ec:5.4.99.7,path:ec01130
ec:5.5.1.15,path:map01130
ec:5.5.1.15,path:ec01130
ec:5.5.1.23,path:map01130
ec:5.5.1.23,path:ec01130
ec:5.5.1.26,path:map01130
ec:5.5.1.26,path:ec01130
ec:5.5.1.4,path:map01130
ec:5.5.1.4,path:ec01130
ec:6.1.2.2,path:map01130
ec:6.1.2.2,path:ec01130
ec:6.2.1.1,path:map01130
ec:6.2.1.1,path:ec01130
ec:6.2.1.32,path:map01130
ec:6.2.1.32,path:ec01130
ec:6.2.1.39,path:map01130
ec:6.2.1.39,path:ec01130
ec:6.2.1.4,path:map01130
ec:6.2.1.4,path:ec01130
ec:6.2.1.43,path:map01130
ec:6.2.1.43,path:ec01130
ec:6.2.1.5,path:map01130
ec:6.2.1.5,path:ec01130
ec:6.3.1.15,path:map01130
ec:6.3.1.15,path:ec01130
ec:6.3.2.14,path:map01130
ec:6.3.2.14,path:ec01130
ec:6.3.2.26,path:map01130
ec:6.3.2.26,path:ec01130
ec:6.3.2.49,path:map01130
ec:6.3.2.49,path:ec01130
ec:6.3.2.6,path:map01130
ec:6.3.2.6,path:ec01130
ec:6.3.3.1,path:map01130
ec:6.3.3.1,path:ec01130
ec:6.3.3.4,path:map01130
ec:6.3.3.4,path:ec01130
ec:6.3.3.5,path:map01130
ec:6.3.3.5,path:ec01130
ec:6.3.3.6,path:map01130
ec:6.3.3.6,path:ec01130
ec:6.3.4.13,path:map01130
ec:6.3.4.13,path:ec01130
ec:6.3.4.18,path:map01130
ec:6.3.4.18,path:ec01130
ec:6.3.4.23,path:map01130
ec:6.3.4.23,path:ec01130
ec:6.3.4.5,path:map01130
ec:6.3.4.5,path:ec01130
ec:6.3.5.3,path:map01130
ec:6.3.5.3,path:ec01130
ec:6.4.1.2,path:map01130
ec:6.4.1.2,path:ec01130
ec:6.4.1.3,path:map01130
ec:6.4.1.3,path:ec01130
ec:3.5.2.6,path:map01501
ec:3.5.2.6,path:ec01501
ec:2.7.1.107,path:map04070
ec:2.7.1.107,path:ec04070
ec:2.7.1.127,path:map04070
ec:2.7.1.127,path:ec04070
ec:2.7.1.137,path:map04070
ec:2.7.1.137,path:ec04070
ec:2.7.1.140,path:map04070
ec:2.7.1.140,path:ec04070
ec:2.7.1.149,path:map04070
ec:2.7.1.149,path:ec04070
ec:2.7.1.150,path:map04070
ec:2.7.1.150,path:ec04070
ec:2.7.1.151,path:map04070
ec:2.7.1.151,path:ec04070
ec:2.7.1.153,path:map04070
ec:2.7.1.153,path:ec04070
ec:2.7.1.154,path:map04070
ec:2.7.1.154,path:ec04070
ec:2.7.1.158,path:map04070
ec:2.7.1.158,path:ec04070
ec:2.7.1.159,path:map04070
ec:2.7.1.159,path:ec04070
ec:2.7.1.67,path:map04070
ec:2.7.1.67,path:ec04070
ec:2.7.1.68,path:map04070
ec:2.7.1.68,path:ec04070
ec:2.7.11.13,path:map04070
ec:2.7.11.13,path:ec04070
ec:2.7.4.21,path:map04070
ec:2.7.4.21,path:ec04070
ec:2.7.4.24,path:map04070
ec:2.7.4.24,path:ec04070
ec:2.7.7.41,path:map04070
ec:2.7.7.41,path:ec04070
ec:2.7.8.11,path:map04070
ec:2.7.8.11,path:ec04070
ec:3.1.3.25,path:map04070
ec:3.1.3.25,path:ec04070
ec:3.1.3.36,path:map04070
ec:3.1.3.36,path:ec04070
ec:3.1.3.56,path:map04070
ec:3.1.3.56,path:ec04070
ec:3.1.3.57,path:map04070
ec:3.1.3.57,path:ec04070
ec:3.1.3.64,path:map04070
ec:3.1.3.64,path:ec04070
ec:3.1.3.66,path:map04070
ec:3.1.3.66,path:ec04070
ec:3.1.3.67,path:map04070
ec:3.1.3.67,path:ec04070
ec:3.1.3.78,path:map04070
ec:3.1.3.78,path:ec04070
ec:3.1.3.86,path:map04070
ec:3.1.3.86,path:ec04070
ec:3.1.3.95,path:map04070
ec:3.1.3.95,path:ec04070
ec:3.1.4.11,path:map04070
ec:3.1.4.11,path:ec04070
ec:2.7.1.153,path:map04150
ec:2.7.1.153,path:ec04150
ec:2.7.11.1,path:map04150
ec:2.7.11.1,path:ec04150
ec:2.7.11.11,path:map04150
ec:2.7.11.11,path:ec04150
ec:2.7.11.24,path:map04150
ec:2.7.11.24,path:ec04150
ec:2.7.11.9,path:map04150
ec:2.7.11.9,path:ec04150
ec:2.7.1.153,path:map04151
ec:2.7.1.153,path:ec04151
ec:2.7.11.1,path:map04151
ec:2.7.11.1,path:ec04151
ec:3.1.3.16,path:map04658
ec:3.1.3.16,path:ec04658
ec:2.7.10.2,path:map04660
ec:2.7.10.2,path:ec04660
ec:3.1.3.16,path:map04660
ec:3.1.3.16,path:ec04660
ec:2.7.11.1,path:map04714
ec:2.7.11.1,path:ec04714
ec:5.3.3.12,path:map04916
ec:5.3.3.12,path:ec04916
ec:2.7.11.1,path:map04926
ec:2.7.11.1,path:ec04926
ec:2.7.1.153,path:map05165
ec:2.7.1.153,path:ec05165
ec:2.7.11.1,path:map05165
ec:2.7.11.1,path:ec05165
